{
  "scene": "室内_家庭",
  "camera_model": "PINHOLE",
  "width": 1440,
  "height": 522,
  "focal_length": 1383.1071314192395,
  "num_images": 100,
  "poses": [
    {
      "image_id": 0,
      "image_name": "0000.jpg",
      "camera_position": [
        5.0,
        3.061616997868383e-16,
        0.0
      ],
      "rotation_matrix": [
        [
          1.0,
          0.0,
          0.0
        ],
        [
          0.0,
          1.0,
          0.0
        ],
        [
          -0.0,
          0.0,
          1.0
        ]
      ],
      "transform_matrix": [
        [
          1.0,
          0.0,
          0.0,
          5.0
        ],
        [
          0.0,
          1.0,
          0.0,
          3.061616997868383e-16
        ],
        [
          -0.0,
          0.0,
          1.0,
          0.0
        ],
        [
          0.0,
          0.0,
          0.0,
          1.0
        ]
      ]
    },
    {
      "image_id": 1,
      "image_name": "0001.jpg",
      "camera_position": [
        4.990133642141358,
        3.061616997868383e-16,
        0.31395259764656686
      ],
      "rotation_matrix": [
        [
          0.9980267284282716,
          0.0,
          0.06279051952931337
        ],
        [
          0.0,
          1.0,
          0.0
        ],
        [
          -0.06279051952931337,
          0.0,
          0.9980267284282716
        ]
      ],
      "transform_matrix": [
        [
          0.9980267284282716,
          0.0,
          0.06279051952931337,
          4.990133642141358
        ],
        [
          0.0,
          1.0,
          0.0,
          3.061616997868383e-16
        ],
        [
          -0.06279051952931337,
          0.0,
          0.9980267284282716,
          0.31395259764656686
        ],
        [
          0.0,
          0.0,
          0.0,
          1.0
        ]
      ]
    },
    {
      "image_id": 2,
      "image_name": "0002.jpg",
      "camera_position": [
        4.9605735065723895,
        3.061616997868383e-16,
        0.6266661678215213
      ],
      "rotation_matrix": [
        [
          0.9921147013144779,
          0.0,
          0.12533323356430426
        ],
        [
          0.0,
          1.0,
          0.0
        ],
        [
          -0.12533323356430426,
          0.0,
          0.9921147013144779
        ]
      ],
      "transform_matrix": [
        [
          0.9921147013144779,
          0.0,
          0.12533323356430426,
          4.9605735065723895
        ],
        [
          0.0,
          1.0,
          0.0,
          3.061616997868383e-16
        ],
        [
          -0.12533323356430426,
          0.0,
          0.9921147013144779,
          0.6266661678215213
        ],
        [
          0.0,
          0.0,
          0.0,
          1.0
        ]
      ]
    },
    {
      "image_id": 3,
      "image_name": "0003.jpg",
      "camera_position": [
        4.911436253643443,
        3.061616997868383e-16,
        0.936906572928623
      ],
      "rotation_matrix": [
        [
          0.9822872507286887,
          0.0,
          0.1873813145857246
        ],
        [
          0.0,
          1.0,
          0.0
        ],
        [
          -0.1873813145857246,
          0.0,
          0.9822872507286887
        ]
      ],
      "transform_matrix": [
        [
          0.9822872507286887,
          0.0,
          0.1873813145857246,
          4.911436253643443
        ],
        [
          0.0,
          1.0,
          0.0,
          3.061616997868383e-16
        ],
        [
          -0.1873813145857246,
          0.0,
          0.9822872507286887,
          0.936906572928623
        ],
        [
          0.0,
          0.0,
          0.0,
          1.0
        ]
      ]
    },
    {
      "image_id": 4,
      "image_name": "0004.jpg",
      "camera_position": [
        4.842915805643155,
        3.061616997868383e-16,
        1.243449435824274
      ],
      "rotation_matrix": [
        [
          0.9685831611286311,
          0.0,
          0.2486898871648548
        ],
        [
          0.0,
          1.0,
          0.0
        ],
        [
          -0.2486898871648548,
          0.0,
          0.9685831611286311
        ]
      ],
      "transform_matrix": [
        [
          0.9685831611286311,
          0.0,
          0.2486898871648548,
          4.842915805643155
        ],
        [
          0.0,
          1.0,
          0.0,
          3.061616997868383e-16
        ],
        [
          -0.2486898871648548,
          0.0,
          0.9685831611286311,
          1.243449435824274
        ],
        [
          0.0,
          0.0,
          0.0,
          1.0
        ]
      ]
    },
    {
      "image_id": 5,
      "image_name": "0005.jpg",
      "camera_position": [
        4.755282581475767,
        3.061616997868383e-16,
        1.545084971874737
      ],
      "rotation_matrix": [
        [
          0.9510565162951535,
          0.0,
          0.3090169943749474
        ],
        [
          0.0,
          1.0,
          0.0
        ],
        [
          -0.3090169943749474,
          0.0,
          0.9510565162951535
        ]
      ],
      "transform_matrix": [
        [
          0.9510565162951535,
          0.0,
          0.3090169943749474,
          4.755282581475767
        ],
        [
          0.0,
          1.0,
          0.0,
          3.061616997868383e-16
        ],
        [
          -0.3090169943749474,
          0.0,
          0.9510565162951535,
          1.545084971874737
        ],
        [
          0.0,
          0.0,
          0.0,
          1.0
        ]
      ]
    },
    {
      "image_id": 6,
      "image_name": "0006.jpg",
      "camera_position": [
        4.648882429441257,
        3.061616997868383e-16,
        1.8406227634233896
      ],
      "rotation_matrix": [
        [
          0.9297764858882515,
          0.0,
          0.3681245526846779
        ],
        [
          0.0,
          1.0,
          0.0
        ],
        [
          -0.3681245526846779,
          0.0,
          0.9297764858882515
        ]
      ],
      "transform_matrix": [
        [
          0.9297764858882515,
          0.0,
          0.3681245526846779,
          4.648882429441257
        ],
        [
          0.0,
          1.0,
          0.0,
          3.061616997868383e-16
        ],
        [
          -0.3681245526846779,
          0.0,
          0.9297764858882515,
          1.8406227634233896
        ],
        [
          0.0,
          0.0,
          0.0,
          1.0
        ]
      ]
    },
    {
      "image_id": 7,
      "image_name": "0007.jpg",
      "camera_position": [
        4.524135262330098,
        3.061616997868383e-16,
        2.1288964578253635
      ],
      "rotation_matrix": [
        [
          0.9048270524660196,
          0.0,
          0.42577929156507266
        ],
        [
          0.0,
          1.0,
          0.0
        ],
        [
          -0.42577929156507266,
          0.0,
          0.9048270524660196
        ]
      ],
      "transform_matrix": [
        [
          0.9048270524660196,
          0.0,
          0.42577929156507266,
          4.524135262330098
        ],
        [
          0.0,
          1.0,
          0.0,
          3.061616997868383e-16
        ],
        [
          -0.42577929156507266,
          0.0,
          0.9048270524660196,
          2.1288964578253635
        ],
        [
          0.0,
          0.0,
          0.0,
          1.0
        ]
      ]
    },
    {
      "image_id": 8,
      "image_name": "0008.jpg",
      "camera_position": [
        4.381533400219318,
        3.061616997868383e-16,
        2.4087683705085765
      ],
      "rotation_matrix": [
        [
          0.8763066800438636,
          0.0,
          0.4817536741017153
        ],
        [
          0.0,
          1.0,
          0.0
        ],
        [
          -0.4817536741017153,
          0.0,
          0.8763066800438636
        ]
      ],
      "transform_matrix": [
        [
          0.8763066800438636,
          0.0,
          0.4817536741017153,
          4.381533400219318
        ],
        [
          0.0,
          1.0,
          0.0,
          3.061616997868383e-16
        ],
        [
          -0.4817536741017153,
          0.0,
          0.8763066800438636,
          2.4087683705085765
        ],
        [
          0.0,
          0.0,
          0.0,
          1.0
        ]
      ]
    },
    {
      "image_id": 9,
      "image_name": "0009.jpg",
      "camera_position": [
        4.221639627510076,
        3.061616997868383e-16,
        2.679133974894983
      ],
      "rotation_matrix": [
        [
          0.8443279255020151,
          0.0,
          0.5358267949789967
        ],
        [
          0.0,
          1.0,
          0.0
        ],
        [
          -0.5358267949789967,
          0.0,
          0.8443279255020151
        ]
      ],
      "transform_matrix": [
        [
          0.8443279255020151,
          0.0,
          0.5358267949789967,
          4.221639627510076
        ],
        [
          0.0,
          1.0,
          0.0,
          3.061616997868383e-16
        ],
        [
          -0.5358267949789967,
          0.0,
          0.8443279255020151,
          2.679133974894983
        ],
        [
          0.0,
          0.0,
          0.0,
          1.0
        ]
      ]
    },
    {
      "image_id": 10,
      "image_name": "0010.jpg",
      "camera_position": [
        4.045084971874737,
        3.061616997868383e-16,
        2.938926261462366
      ],
      "rotation_matrix": [
        [
          0.8090169943749475,
          0.0,
          0.5877852522924731
        ],
        [
          0.0,
          1.0,
          0.0
        ],
        [
          -0.5877852522924731,
          0.0,
          0.8090169943749475
        ]
      ],
      "transform_matrix": [
        [
          0.8090169943749475,
          0.0,
          0.5877852522924731,
          4.045084971874737
        ],
        [
          0.0,
          1.0,
          0.0,
          3.061616997868383e-16
        ],
        [
          -0.5877852522924731,
          0.0,
          0.8090169943749475,
          2.938926261462366
        ],
        [
          0.0,
          0.0,
          0.0,
          1.0
        ]
      ]
    },
    {
      "image_id": 11,
      "image_name": "0011.jpg",
      "camera_position": [
        3.852566213878946,
        3.061616997868383e-16,
        3.1871199487434483
      ],
      "rotation_matrix": [
        [
          0.7705132427757893,
          0.0,
          0.6374239897486896
        ],
        [
          0.0,
          1.0,
          0.0
        ],
        [
          -0.6374239897486896,
          0.0,
          0.7705132427757893
        ]
      ],
      "transform_matrix": [
        [
          0.7705132427757893,
          0.0,
          0.6374239897486896,
          3.852566213878946
        ],
        [
          0.0,
          1.0,
          0.0,
          3.061616997868383e-16
        ],
        [
          -0.6374239897486896,
          0.0,
          0.7705132427757893,
          3.1871199487434483
        ],
        [
          0.0,
          0.0,
          0.0,
          1.0
        ]
      ]
    },
    {
      "image_id": 12,
      "image_name": "0012.jpg",
      "camera_position": [
        3.644843137107058,
        3.061616997868383e-16,
        3.422735529643443
      ],
      "rotation_matrix": [
        [
          0.7289686274214116,
          0.0,
          0.6845471059286886
        ],
        [
          0.0,
          1.0,
          0.0
        ],
        [
          -0.6845471059286886,
          0.0,
          0.7289686274214116
        ]
      ],
      "transform_matrix": [
        [
          0.7289686274214116,
          0.0,
          0.6845471059286886,
          3.644843137107058
        ],
        [
          0.0,
          1.0,
          0.0,
          3.061616997868383e-16
        ],
        [
          -0.6845471059286886,
          0.0,
          0.7289686274214116,
          3.422735529643443
        ],
        [
          0.0,
          0.0,
          0.0,
          1.0
        ]
      ]
    },
    {
      "image_id": 13,
      "image_name": "0013.jpg",
      "camera_position": [
        3.422735529643443,
        3.061616997868383e-16,
        3.644843137107058
      ],
      "rotation_matrix": [
        [
          0.6845471059286886,
          0.0,
          0.7289686274214116
        ],
        [
          0.0,
          1.0,
          0.0
        ],
        [
          -0.7289686274214116,
          0.0,
          0.6845471059286886
        ]
      ],
      "transform_matrix": [
        [
          0.6845471059286886,
          0.0,
          0.7289686274214116,
          3.422735529643443
        ],
        [
          0.0,
          1.0,
          0.0,
          3.061616997868383e-16
        ],
        [
          -0.7289686274214116,
          0.0,
          0.6845471059286886,
          3.644843137107058
        ],
        [
          0.0,
          0.0,
          0.0,
          1.0
        ]
      ]
    },
    {
      "image_id": 14,
      "image_name": "0014.jpg",
      "camera_position": [
        3.1871199487434487,
        3.061616997868383e-16,
        3.852566213878946
      ],
      "rotation_matrix": [
        [
          0.6374239897486897,
          0.0,
          0.7705132427757893
        ],
        [
          0.0,
          1.0,
          0.0
        ],
        [
          -0.7705132427757893,
          0.0,
          0.6374239897486897
        ]
      ],
      "transform_matrix": [
        [
          0.6374239897486897,
          0.0,
          0.7705132427757893,
          3.1871199487434487
        ],
        [
          0.0,
          1.0,
          0.0,
          3.061616997868383e-16
        ],
        [
          -0.7705132427757893,
          0.0,
          0.6374239897486897,
          3.852566213878946
        ],
        [
          0.0,
          0.0,
          0.0,
          1.0
        ]
      ]
    },
    {
      "image_id": 15,
      "image_name": "0015.jpg",
      "camera_position": [
        2.9389262614623664,
        3.061616997868383e-16,
        4.045084971874736
      ],
      "rotation_matrix": [
        [
          0.5877852522924732,
          0.0,
          0.8090169943749473
        ],
        [
          0.0,
          1.0,
          0.0
        ],
        [
          -0.8090169943749473,
          0.0,
          0.5877852522924732
        ]
      ],
      "transform_matrix": [
        [
          0.5877852522924732,
          0.0,
          0.8090169943749473,
          2.9389262614623664
        ],
        [
          0.0,
          1.0,
          0.0,
          3.061616997868383e-16
        ],
        [
          -0.8090169943749473,
          0.0,
          0.5877852522924732,
          4.045084971874736
        ],
        [
          0.0,
          0.0,
          0.0,
          1.0
        ]
      ]
    },
    {
      "image_id": 16,
      "image_name": "0016.jpg",
      "camera_position": [
        2.6791339748949827,
        3.061616997868383e-16,
        4.221639627510076
      ],
      "rotation_matrix": [
        [
          0.5358267949789965,
          0.0,
          0.8443279255020151
        ],
        [
          0.0,
          1.0,
          0.0
        ],
        [
          -0.8443279255020151,
          0.0,
          0.5358267949789965
        ]
      ],
      "transform_matrix": [
        [
          0.5358267949789965,
          0.0,
          0.8443279255020151,
          2.6791339748949827
        ],
        [
          0.0,
          1.0,
          0.0,
          3.061616997868383e-16
        ],
        [
          -0.8443279255020151,
          0.0,
          0.5358267949789965,
          4.221639627510076
        ],
        [
          0.0,
          0.0,
          0.0,
          1.0
        ]
      ]
    },
    {
      "image_id": 17,
      "image_name": "0017.jpg",
      "camera_position": [
        2.4087683705085756,
        3.061616997868383e-16,
        4.381533400219318
      ],
      "rotation_matrix": [
        [
          0.48175367410171516,
          0.0,
          0.8763066800438637
        ],
        [
          0.0,
          1.0,
          0.0
        ],
        [
          -0.8763066800438637,
          0.0,
          0.48175367410171516
        ]
      ],
      "transform_matrix": [
        [
          0.48175367410171516,
          0.0,
          0.8763066800438637,
          2.4087683705085756
        ],
        [
          0.0,
          1.0,
          0.0,
          3.061616997868383e-16
        ],
        [
          -0.8763066800438637,
          0.0,
          0.48175367410171516,
          4.381533400219318
        ],
        [
          0.0,
          0.0,
          0.0,
          1.0
        ]
      ]
    },
    {
      "image_id": 18,
      "image_name": "0018.jpg",
      "camera_position": [
        2.1288964578253635,
        3.061616997868383e-16,
        4.524135262330098
      ],
      "rotation_matrix": [
        [
          0.42577929156507266,
          0.0,
          0.9048270524660196
        ],
        [
          0.0,
          1.0,
          0.0
        ],
        [
          -0.9048270524660196,
          0.0,
          0.42577929156507266
        ]
      ],
      "transform_matrix": [
        [
          0.42577929156507266,
          0.0,
          0.9048270524660196,
          2.1288964578253635
        ],
        [
          0.0,
          1.0,
          0.0,
          3.061616997868383e-16
        ],
        [
          -0.9048270524660196,
          0.0,
          0.42577929156507266,
          4.524135262330098
        ],
        [
          0.0,
          0.0,
          0.0,
          1.0
        ]
      ]
    },
    {
      "image_id": 19,
      "image_name": "0019.jpg",
      "camera_position": [
        1.8406227634233905,
        3.061616997868383e-16,
        4.648882429441256
      ],
      "rotation_matrix": [
        [
          0.3681245526846781,
          0.0,
          0.9297764858882513
        ],
        [
          0.0,
          1.0,
          0.0
        ],
        [
          -0.9297764858882513,
          0.0,
          0.3681245526846781
        ]
      ],
      "transform_matrix": [
        [
          0.3681245526846781,
          0.0,
          0.9297764858882513,
          1.8406227634233905
        ],
        [
          0.0,
          1.0,
          0.0,
          3.061616997868383e-16
        ],
        [
          -0.9297764858882513,
          0.0,
          0.3681245526846781,
          4.648882429441256
        ],
        [
          0.0,
          0.0,
          0.0,
          1.0
        ]
      ]
    },
    {
      "image_id": 20,
      "image_name": "0020.jpg",
      "camera_position": [
        1.5450849718747373,
        3.061616997868383e-16,
        4.755282581475767
      ],
      "rotation_matrix": [
        [
          0.30901699437494745,
          0.0,
          0.9510565162951535
        ],
        [
          0.0,
          1.0,
          0.0
        ],
        [
          -0.9510565162951535,
          0.0,
          0.30901699437494745
        ]
      ],
      "transform_matrix": [
        [
          0.30901699437494745,
          0.0,
          0.9510565162951535,
          1.5450849718747373
        ],
        [
          0.0,
          1.0,
          0.0,
          3.061616997868383e-16
        ],
        [
          -0.9510565162951535,
          0.0,
          0.30901699437494745,
          4.755282581475767
        ],
        [
          0.0,
          0.0,
          0.0,
          1.0
        ]
      ]
    },
    {
      "image_id": 21,
      "image_name": "0021.jpg",
      "camera_position": [
        1.2434494358242736,
        3.061616997868383e-16,
        4.842915805643155
      ],
      "rotation_matrix": [
        [
          0.24868988716485474,
          0.0,
          0.9685831611286311
        ],
        [
          0.0,
          1.0,
          0.0
        ],
        [
          -0.9685831611286311,
          0.0,
          0.24868988716485474
        ]
      ],
      "transform_matrix": [
        [
          0.24868988716485474,
          0.0,
          0.9685831611286311,
          1.2434494358242736
        ],
        [
          0.0,
          1.0,
          0.0,
          3.061616997868383e-16
        ],
        [
          -0.9685831611286311,
          0.0,
          0.24868988716485474,
          4.842915805643155
        ],
        [
          0.0,
          0.0,
          0.0,
          1.0
        ]
      ]
    },
    {
      "image_id": 22,
      "image_name": "0022.jpg",
      "camera_position": [
        0.9369065729286237,
        3.061616997868383e-16,
        4.911436253643443
      ],
      "rotation_matrix": [
        [
          0.18738131458572474,
          0.0,
          0.9822872507286886
        ],
        [
          0.0,
          1.0,
          0.0
        ],
        [
          -0.9822872507286886,
          0.0,
          0.18738131458572474
        ]
      ],
      "transform_matrix": [
        [
          0.18738131458572474,
          0.0,
          0.9822872507286886,
          0.9369065729286237
        ],
        [
          0.0,
          1.0,
          0.0,
          3.061616997868383e-16
        ],
        [
          -0.9822872507286886,
          0.0,
          0.18738131458572474,
          4.911436253643443
        ],
        [
          0.0,
          0.0,
          0.0,
          1.0
        ]
      ]
    },
    {
      "image_id": 23,
      "image_name": "0023.jpg",
      "camera_position": [
        0.6266661678215224,
        3.061616997868383e-16,
        4.960573506572389
      ],
      "rotation_matrix": [
        [
          0.12533323356430448,
          0.0,
          0.9921147013144778
        ],
        [
          0.0,
          1.0,
          0.0
        ],
        [
          -0.9921147013144778,
          0.0,
          0.12533323356430448
        ]
      ],
      "transform_matrix": [
        [
          0.12533323356430448,
          0.0,
          0.9921147013144778,
          0.6266661678215224
        ],
        [
          0.0,
          1.0,
          0.0,
          3.061616997868383e-16
        ],
        [
          -0.9921147013144778,
          0.0,
          0.12533323356430448,
          4.960573506572389
        ],
        [
          0.0,
          0.0,
          0.0,
          1.0
        ]
      ]
    },
    {
      "image_id": 24,
      "image_name": "0024.jpg",
      "camera_position": [
        0.31395259764656763,
        3.061616997868383e-16,
        4.990133642141358
      ],
      "rotation_matrix": [
        [
          0.06279051952931353,
          0.0,
          0.9980267284282716
        ],
        [
          0.0,
          1.0,
          0.0
        ],
        [
          -0.9980267284282716,
          0.0,
          0.06279051952931353
        ]
      ],
      "transform_matrix": [
        [
          0.06279051952931353,
          0.0,
          0.9980267284282716,
          0.31395259764656763
        ],
        [
          0.0,
          1.0,
          0.0,
          3.061616997868383e-16
        ],
        [
          -0.9980267284282716,
          0.0,
          0.06279051952931353,
          4.990133642141358
        ],
        [
          0.0,
          0.0,
          0.0,
          1.0
        ]
      ]
    },
    {
      "image_id": 25,
      "image_name": "0025.jpg",
      "camera_position": [
        3.061616997868383e-16,
        3.061616997868383e-16,
        5.0
      ],
      "rotation_matrix": [
        [
          6.123233995736766e-17,
          0.0,
          1.0
        ],
        [
          0.0,
          1.0,
          0.0
        ],
        [
          -1.0,
          0.0,
          6.123233995736766e-17
        ]
      ],
      "transform_matrix": [
        [
          6.123233995736766e-17,
          0.0,
          1.0,
          3.061616997868383e-16
        ],
        [
          0.0,
          1.0,
          0.0,
          3.061616997868383e-16
        ],
        [
          -1.0,
          0.0,
          6.123233995736766e-17,
          5.0
        ],
        [
          0.0,
          0.0,
          0.0,
          1.0
        ]
      ]
    },
    {
      "image_id": 26,
      "image_name": "0026.jpg",
      "camera_position": [
        -0.313952597646567,
        3.061616997868383e-16,
        4.990133642141358
      ],
      "rotation_matrix": [
        [
          -0.0627905195293134,
          0.0,
          0.9980267284282716
        ],
        [
          0.0,
          1.0,
          0.0
        ],
        [
          -0.9980267284282716,
          0.0,
          -0.0627905195293134
        ]
      ],
      "transform_matrix": [
        [
          -0.0627905195293134,
          0.0,
          0.9980267284282716,
          -0.313952597646567
        ],
        [
          0.0,
          1.0,
          0.0,
          3.061616997868383e-16
        ],
        [
          -0.9980267284282716,
          0.0,
          -0.0627905195293134,
          4.990133642141358
        ],
        [
          0.0,
          0.0,
          0.0,
          1.0
        ]
      ]
    },
    {
      "image_id": 27,
      "image_name": "0027.jpg",
      "camera_position": [
        -0.6266661678215207,
        3.061616997868383e-16,
        4.9605735065723895
      ],
      "rotation_matrix": [
        [
          -0.12533323356430415,
          0.0,
          0.9921147013144779
        ],
        [
          0.0,
          1.0,
          0.0
        ],
        [
          -0.9921147013144779,
          0.0,
          -0.12533323356430415
        ]
      ],
      "transform_matrix": [
        [
          -0.12533323356430415,
          0.0,
          0.9921147013144779,
          -0.6266661678215207
        ],
        [
          0.0,
          1.0,
          0.0,
          3.061616997868383e-16
        ],
        [
          -0.9921147013144779,
          0.0,
          -0.12533323356430415,
          4.9605735065723895
        ],
        [
          0.0,
          0.0,
          0.0,
          1.0
        ]
      ]
    },
    {
      "image_id": 28,
      "image_name": "0028.jpg",
      "camera_position": [
        -0.936906572928623,
        3.061616997868383e-16,
        4.911436253643443
      ],
      "rotation_matrix": [
        [
          -0.1873813145857246,
          0.0,
          0.9822872507286887
        ],
        [
          0.0,
          1.0,
          0.0
        ],
        [
          -0.9822872507286887,
          0.0,
          -0.1873813145857246
        ]
      ],
      "transform_matrix": [
        [
          -0.1873813145857246,
          0.0,
          0.9822872507286887,
          -0.936906572928623
        ],
        [
          0.0,
          1.0,
          0.0,
          3.061616997868383e-16
        ],
        [
          -0.9822872507286887,
          0.0,
          -0.1873813145857246,
          4.911436253643443
        ],
        [
          0.0,
          0.0,
          0.0,
          1.0
        ]
      ]
    },
    {
      "image_id": 29,
      "image_name": "0029.jpg",
      "camera_position": [
        -1.2434494358242743,
        3.061616997868383e-16,
        4.842915805643155
      ],
      "rotation_matrix": [
        [
          -0.24868988716485485,
          0.0,
          0.9685831611286311
        ],
        [
          0.0,
          1.0,
          0.0
        ],
        [
          -0.9685831611286311,
          0.0,
          -0.24868988716485485
        ]
      ],
      "transform_matrix": [
        [
          -0.24868988716485485,
          0.0,
          0.9685831611286311,
          -1.2434494358242743
        ],
        [
          0.0,
          1.0,
          0.0,
          3.061616997868383e-16
        ],
        [
          -0.9685831611286311,
          0.0,
          -0.24868988716485485,
          4.842915805643155
        ],
        [
          0.0,
          0.0,
          0.0,
          1.0
        ]
      ]
    },
    {
      "image_id": 30,
      "image_name": "0030.jpg",
      "camera_position": [
        -1.5450849718747355,
        3.061616997868383e-16,
        4.755282581475768
      ],
      "rotation_matrix": [
        [
          -0.3090169943749471,
          0.0,
          0.9510565162951536
        ],
        [
          0.0,
          1.0,
          0.0
        ],
        [
          -0.9510565162951536,
          0.0,
          -0.3090169943749471
        ]
      ],
      "transform_matrix": [
        [
          -0.3090169943749471,
          0.0,
          0.9510565162951536,
          -1.5450849718747355
        ],
        [
          0.0,
          1.0,
          0.0,
          3.061616997868383e-16
        ],
        [
          -0.9510565162951536,
          0.0,
          -0.3090169943749471,
          4.755282581475768
        ],
        [
          0.0,
          0.0,
          0.0,
          1.0
        ]
      ]
    },
    {
      "image_id": 31,
      "image_name": "0031.jpg",
      "camera_position": [
        -1.8406227634233887,
        3.061616997868383e-16,
        4.648882429441257
      ],
      "rotation_matrix": [
        [
          -0.36812455268467775,
          0.0,
          0.9297764858882515
        ],
        [
          0.0,
          1.0,
          0.0
        ],
        [
          -0.9297764858882515,
          0.0,
          -0.36812455268467775
        ]
      ],
      "transform_matrix": [
        [
          -0.36812455268467775,
          0.0,
          0.9297764858882515,
          -1.8406227634233887
        ],
        [
          0.0,
          1.0,
          0.0,
          3.061616997868383e-16
        ],
        [
          -0.9297764858882515,
          0.0,
          -0.36812455268467775,
          4.648882429441257
        ],
        [
          0.0,
          0.0,
          0.0,
          1.0
        ]
      ]
    },
    {
      "image_id": 32,
      "image_name": "0032.jpg",
      "camera_position": [
        -2.1288964578253635,
        3.061616997868383e-16,
        4.524135262330097
      ],
      "rotation_matrix": [
        [
          -0.4257792915650727,
          0.0,
          0.9048270524660195
        ],
        [
          0.0,
          1.0,
          0.0
        ],
        [
          -0.9048270524660195,
          0.0,
          -0.4257792915650727
        ]
      ],
      "transform_matrix": [
        [
          -0.4257792915650727,
          0.0,
          0.9048270524660195,
          -2.1288964578253635
        ],
        [
          0.0,
          1.0,
          0.0,
          3.061616997868383e-16
        ],
        [
          -0.9048270524660195,
          0.0,
          -0.4257792915650727,
          4.524135262330097
        ],
        [
          0.0,
          0.0,
          0.0,
          1.0
        ]
      ]
    },
    {
      "image_id": 33,
      "image_name": "0033.jpg",
      "camera_position": [
        -2.408768370508577,
        3.061616997868383e-16,
        4.381533400219317
      ],
      "rotation_matrix": [
        [
          -0.48175367410171543,
          0.0,
          0.8763066800438635
        ],
        [
          0.0,
          1.0,
          0.0
        ],
        [
          -0.8763066800438635,
          0.0,
          -0.48175367410171543
        ]
      ],
      "transform_matrix": [
        [
          -0.48175367410171543,
          0.0,
          0.8763066800438635,
          -2.408768370508577
        ],
        [
          0.0,
          1.0,
          0.0,
          3.061616997868383e-16
        ],
        [
          -0.8763066800438635,
          0.0,
          -0.48175367410171543,
          4.381533400219317
        ],
        [
          0.0,
          0.0,
          0.0,
          1.0
        ]
      ]
    },
    {
      "image_id": 34,
      "image_name": "0034.jpg",
      "camera_position": [
        -2.6791339748949845,
        3.061616997868383e-16,
        4.221639627510075
      ],
      "rotation_matrix": [
        [
          -0.5358267949789969,
          0.0,
          0.844327925502015
        ],
        [
          0.0,
          1.0,
          0.0
        ],
        [
          -0.844327925502015,
          0.0,
          -0.5358267949789969
        ]
      ],
      "transform_matrix": [
        [
          -0.5358267949789969,
          0.0,
          0.844327925502015,
          -2.6791339748949845
        ],
        [
          0.0,
          1.0,
          0.0,
          3.061616997868383e-16
        ],
        [
          -0.844327925502015,
          0.0,
          -0.5358267949789969,
          4.221639627510075
        ],
        [
          0.0,
          0.0,
          0.0,
          1.0
        ]
      ]
    },
    {
      "image_id": 35,
      "image_name": "0035.jpg",
      "camera_position": [
        -2.938926261462365,
        3.061616997868383e-16,
        4.045084971874737
      ],
      "rotation_matrix": [
        [
          -0.587785252292473,
          0.0,
          0.8090169943749475
        ],
        [
          0.0,
          1.0,
          0.0
        ],
        [
          -0.8090169943749475,
          0.0,
          -0.587785252292473
        ]
      ],
      "transform_matrix": [
        [
          -0.587785252292473,
          0.0,
          0.8090169943749475,
          -2.938926261462365
        ],
        [
          0.0,
          1.0,
          0.0,
          3.061616997868383e-16
        ],
        [
          -0.8090169943749475,
          0.0,
          -0.587785252292473,
          4.045084971874737
        ],
        [
          0.0,
          0.0,
          0.0,
          1.0
        ]
      ]
    },
    {
      "image_id": 36,
      "image_name": "0036.jpg",
      "camera_position": [
        -3.1871199487434487,
        3.061616997868383e-16,
        3.852566213878946
      ],
      "rotation_matrix": [
        [
          -0.6374239897486897,
          0.0,
          0.7705132427757893
        ],
        [
          0.0,
          1.0,
          0.0
        ],
        [
          -0.7705132427757893,
          0.0,
          -0.6374239897486897
        ]
      ],
      "transform_matrix": [
        [
          -0.6374239897486897,
          0.0,
          0.7705132427757893,
          -3.1871199487434487
        ],
        [
          0.0,
          1.0,
          0.0,
          3.061616997868383e-16
        ],
        [
          -0.7705132427757893,
          0.0,
          -0.6374239897486897,
          3.852566213878946
        ],
        [
          0.0,
          0.0,
          0.0,
          1.0
        ]
      ]
    },
    {
      "image_id": 37,
      "image_name": "0037.jpg",
      "camera_position": [
        -3.4227355296434436,
        3.061616997868383e-16,
        3.644843137107057
      ],
      "rotation_matrix": [
        [
          -0.6845471059286887,
          0.0,
          0.7289686274214114
        ],
        [
          0.0,
          1.0,
          0.0
        ],
        [
          -0.7289686274214114,
          0.0,
          -0.6845471059286887
        ]
      ],
      "transform_matrix": [
        [
          -0.6845471059286887,
          0.0,
          0.7289686274214114,
          -3.4227355296434436
        ],
        [
          0.0,
          1.0,
          0.0,
          3.061616997868383e-16
        ],
        [
          -0.7289686274214114,
          0.0,
          -0.6845471059286887,
          3.644843137107057
        ],
        [
          0.0,
          0.0,
          0.0,
          1.0
        ]
      ]
    },
    {
      "image_id": 38,
      "image_name": "0038.jpg",
      "camera_position": [
        -3.6448431371070567,
        3.061616997868383e-16,
        3.422735529643444
      ],
      "rotation_matrix": [
        [
          -0.7289686274214113,
          0.0,
          0.6845471059286888
        ],
        [
          0.0,
          1.0,
          0.0
        ],
        [
          -0.6845471059286888,
          0.0,
          -0.7289686274214113
        ]
      ],
      "transform_matrix": [
        [
          -0.7289686274214113,
          0.0,
          0.6845471059286888,
          -3.6448431371070567
        ],
        [
          0.0,
          1.0,
          0.0,
          3.061616997868383e-16
        ],
        [
          -0.6845471059286888,
          0.0,
          -0.7289686274214113,
          3.422735529643444
        ],
        [
          0.0,
          0.0,
          0.0,
          1.0
        ]
      ]
    },
    {
      "image_id": 39,
      "image_name": "0039.jpg",
      "camera_position": [
        -3.8525662138789456,
        3.061616997868383e-16,
        3.187119948743449
      ],
      "rotation_matrix": [
        [
          -0.7705132427757891,
          0.0,
          0.6374239897486899
        ],
        [
          0.0,
          1.0,
          0.0
        ],
        [
          -0.6374239897486899,
          0.0,
          -0.7705132427757891
        ]
      ],
      "transform_matrix": [
        [
          -0.7705132427757891,
          0.0,
          0.6374239897486899,
          -3.8525662138789456
        ],
        [
          0.0,
          1.0,
          0.0,
          3.061616997868383e-16
        ],
        [
          -0.6374239897486899,
          0.0,
          -0.7705132427757891,
          3.187119948743449
        ],
        [
          0.0,
          0.0,
          0.0,
          1.0
        ]
      ]
    },
    {
      "image_id": 40,
      "image_name": "0040.jpg",
      "camera_position": [
        -4.045084971874736,
        3.061616997868383e-16,
        2.9389262614623664
      ],
      "rotation_matrix": [
        [
          -0.8090169943749473,
          0.0,
          0.5877852522924732
        ],
        [
          0.0,
          1.0,
          0.0
        ],
        [
          -0.5877852522924732,
          0.0,
          -0.8090169943749473
        ]
      ],
      "transform_matrix": [
        [
          -0.8090169943749473,
          0.0,
          0.5877852522924732,
          -4.045084971874736
        ],
        [
          0.0,
          1.0,
          0.0,
          3.061616997868383e-16
        ],
        [
          -0.5877852522924732,
          0.0,
          -0.8090169943749473,
          2.9389262614623664
        ],
        [
          0.0,
          0.0,
          0.0,
          1.0
        ]
      ]
    },
    {
      "image_id": 41,
      "image_name": "0041.jpg",
      "camera_position": [
        -4.221639627510074,
        3.061616997868383e-16,
        2.679133974894985
      ],
      "rotation_matrix": [
        [
          -0.8443279255020149,
          0.0,
          0.535826794978997
        ],
        [
          0.0,
          1.0,
          0.0
        ],
        [
          -0.535826794978997,
          0.0,
          -0.8443279255020149
        ]
      ],
      "transform_matrix": [
        [
          -0.8443279255020149,
          0.0,
          0.535826794978997,
          -4.221639627510074
        ],
        [
          0.0,
          1.0,
          0.0,
          3.061616997868383e-16
        ],
        [
          -0.535826794978997,
          0.0,
          -0.8443279255020149,
          2.679133974894985
        ],
        [
          0.0,
          0.0,
          0.0,
          1.0
        ]
      ]
    },
    {
      "image_id": 42,
      "image_name": "0042.jpg",
      "camera_position": [
        -4.381533400219318,
        3.061616997868383e-16,
        2.408768370508576
      ],
      "rotation_matrix": [
        [
          -0.8763066800438636,
          0.0,
          0.4817536741017152
        ],
        [
          0.0,
          1.0,
          0.0
        ],
        [
          -0.4817536741017152,
