{
  "scene": "室内_工装",
  "camera_model": "PINHOLE",
  "width": 1620,
  "height": 1080,
  "focal_length": 1555.9955228466445,
  "num_images": 87,
  "poses": [
    {
      "image_id": 0,
      "image_name": "0000.jpg",
      "camera_position": [
        5.0,
        3.061616997868383e-16,
        0.0
      ],
      "rotation_matrix": [
        [
          1.0,
          0.0,
          0.0
        ],
        [
          0.0,
          1.0,
          0.0
        ],
        [
          -0.0,
          0.0,
          1.0
        ]
      ],
      "transform_matrix": [
        [
          1.0,
          0.0,
          0.0,
          5.0
        ],
        [
          0.0,
          1.0,
          0.0,
          3.061616997868383e-16
        ],
        [
          -0.0,
          0.0,
          1.0,
          0.0
        ],
        [
          0.0,
          0.0,
          0.0,
          1.0
        ]
      ]
    },
    {
      "image_id": 1,
      "image_name": "0001.jpg",
      "camera_position": [
        4.986966157589749,
        3.061616997868383e-16,
        0.3607887790030804
      ],
      "rotation_matrix": [
        [
          0.9973932315179498,
          0.0,
          0.07215775580061608
        ],
        [
          0.0,
          1.0,
          0.0
        ],
        [
          -0.07215775580061608,
          0.0,
          0.9973932315179498
        ]
      ],
      "transform_matrix": [
        [
          0.9973932315179498,
          0.0,
          0.07215775580061608,
          4.986966157589749
        ],
        [
          0.0,
          1.0,
          0.0,
          3.061616997868383e-16
        ],
        [
          -0.07215775580061608,
          0.0,
          0.9973932315179498,
          0.3607887790030804
        ],
        [
          0.0,
          0.0,
          0.0,
          1.0
        ]
      ]
    },
    {
      "image_id": 2,
      "image_name": "0002.jpg",
      "camera_position": [
        4.947932582778186,
        3.061616997868383e-16,
        0.7196965723705956
      ],
      "rotation_matrix": [
        [
          0.9895865165556373,
          0.0,
          0.14393931447411912
        ],
        [
          0.0,
          1.0,
          0.0
        ],
        [
          -0.14393931447411912,
          0.0,
          0.9895865165556373
        ]
      ],
      "transform_matrix": [
        [
          0.9895865165556373,
          0.0,
          0.14393931447411912,
          4.947932582778186
        ],
        [
          0.0,
          1.0,
          0.0,
          3.061616997868383e-16
        ],
        [
          -0.14393931447411912,
          0.0,
          0.9895865165556373,
          0.7196965723705956
        ],
        [
          0.0,
          0.0,
          0.0,
          1.0
        ]
      ]
    },
    {
      "image_id": 3,
      "image_name": "0003.jpg",
      "camera_position": [
        4.883102778550433,
        3.061616997868383e-16,
        1.0748522010551205
      ],
      "rotation_matrix": [
        [
          0.9766205557100867,
          0.0,
          0.21497044021102407
        ],
        [
          0.0,
          1.0,
          0.0
        ],
        [
          -0.21497044021102407,
          0.0,
          0.9766205557100867
        ]
      ],
      "transform_matrix": [
        [
          0.9766205557100867,
          0.0,
          0.21497044021102407,
          4.883102778550433
        ],
        [
          0.0,
          1.0,
          0.0,
          3.061616997868383e-16
        ],
        [
          -0.21497044021102407,
          0.0,
          0.9766205557100867,
          1.0748522010551205
        ],
        [
          0.0,
          0.0,
          0.0,
          1.0
        ]
      ]
    },
    {
      "image_id": 4,
      "image_name": "0004.jpg",
      "camera_position": [
        4.792814737487206,
        3.061616997868383e-16,
        1.4244040480584996
      ],
      "rotation_matrix": [
        [
          0.9585629474974413,
          0.0,
          0.2848808096116999
        ],
        [
          0.0,
          1.0,
          0.0
        ],
        [
          -0.2848808096116999,
          0.0,
          0.9585629474974413
        ]
      ],
      "transform_matrix": [
        [
          0.9585629474974413,
          0.0,
          0.2848808096116999,
          4.792814737487206
        ],
        [
          0.0,
          1.0,
          0.0,
          3.061616997868383e-16
        ],
        [
          -0.2848808096116999,
          0.0,
          0.9585629474974413,
          1.4244040480584996
        ],
        [
          0.0,
          0.0,
          0.0,
          1.0
        ]
      ]
    },
    {
      "image_id": 5,
      "image_name": "0005.jpg",
      "camera_position": [
        4.677539179628005,
        3.061616997868383e-16,
        1.7665297119055117
      ],
      "rotation_matrix": [
        [
          0.935507835925601,
          0.0,
          0.35330594238110236
        ],
        [
          0.0,
          1.0,
          0.0
        ],
        [
          -0.35330594238110236,
          0.0,
          0.935507835925601
        ]
      ],
      "transform_matrix": [
        [
          0.935507835925601,
          0.0,
          0.35330594238110236,
          4.677539179628005
        ],
        [
          0.0,
          1.0,
          0.0,
          3.061616997868383e-16
        ],
        [
          -0.35330594238110236,
          0.0,
          0.935507835925601,
          1.7665297119055117
        ],
        [
          0.0,
          0.0,
          0.0,
          1.0
        ]
      ]
    },
    {
      "image_id": 6,
      "image_name": "0006.jpg",
      "camera_position": [
        4.537877098354785,
        3.061616997868383e-16,
        2.099445507801323
      ],
      "rotation_matrix": [
        [
          0.907575419670957,
          0.0,
          0.4198891015602646
        ],
        [
          0.0,
          1.0,
          0.0
        ],
        [
          -0.4198891015602646,
          0.0,
          0.907575419670957
        ]
      ],
      "transform_matrix": [
        [
          0.907575419670957,
          0.0,
          0.4198891015602646,
          4.537877098354785
        ],
        [
          0.0,
          1.0,
          0.0,
          3.061616997868383e-16
        ],
        [
          -0.4198891015602646,
          0.0,
          0.907575419670957,
          2.099445507801323
        ],
        [
          0.0,
          0.0,
          0.0,
          1.0
        ]
      ]
    },
    {
      "image_id": 7,
      "image_name": "0007.jpg",
      "camera_position": [
        4.374556627090748,
        3.061616997868383e-16,
        2.4214157669380976
      ],
      "rotation_matrix": [
        [
          0.8749113254181496,
          0.0,
          0.4842831533876195
        ],
        [
          0.0,
          1.0,
          0.0
        ],
        [
          -0.4842831533876195,
          0.0,
          0.8749113254181496
        ]
      ],
      "transform_matrix": [
        [
          0.8749113254181496,
          0.0,
          0.4842831533876195,
          4.374556627090748
        ],
        [
          0.0,
          1.0,
          0.0,
          3.061616997868383e-16
        ],
        [
          -0.4842831533876195,
          0.0,
          0.8749113254181496,
          2.4214157669380976
        ],
        [
          0.0,
          0.0,
          0.0,
          1.0
        ]
      ]
    },
    {
      "image_id": 8,
      "image_name": "0008.jpg",
      "camera_position": [
        4.188429243149824,
        3.061616997868383e-16,
        2.7307618854684845
      ],
      "rotation_matrix": [
        [
          0.8376858486299648,
          0.0,
          0.5461523770936969
        ],
        [
          0.0,
          1.0,
          0.0
        ],
        [
          -0.5461523770936969,
          0.0,
          0.8376858486299648
        ]
      ],
      "transform_matrix": [
        [
          0.8376858486299648,
          0.0,
          0.5461523770936969,
          4.188429243149824
        ],
        [
          0.0,
          1.0,
          0.0,
          3.061616997868383e-16
        ],
        [
          -0.5461523770936969,
          0.0,
          0.8376858486299648,
          2.7307618854684845
        ],
        [
          0.0,
          0.0,
          0.0,
          1.0
        ]
      ]
    },
    {
      "image_id": 9,
      "image_name": "0009.jpg",
      "camera_position": [
        3.9804653285282185,
        3.061616997868383e-16,
        3.0258710759688254
      ],
      "rotation_matrix": [
        [
          0.7960930657056438,
          0.0,
          0.6051742151937651
        ],
        [
          0.0,
          1.0,
          0.0
        ],
        [
          -0.6051742151937651,
          0.0,
          0.7960930657056438
        ]
      ],
      "transform_matrix": [
        [
          0.7960930657056438,
          0.0,
          0.6051742151937651,
          3.9804653285282185
        ],
        [
          0.0,
          1.0,
          0.0,
          3.061616997868383e-16
        ],
        [
          -0.6051742151937651,
          0.0,
          0.7960930657056438,
          3.0258710759688254
        ],
        [
          0.0,
          0.0,
          0.0,
          1.0
        ]
      ]
    },
    {
      "image_id": 10,
      "image_name": "0010.jpg",
      "camera_position": [
        3.751749110782012,
        3.061616997868383e-16,
        3.3052047757660015
      ],
      "rotation_matrix": [
        [
          0.7503498221564023,
          0.0,
          0.6610409551532003
        ],
        [
          0.0,
          1.0,
          0.0
        ],
        [
          -0.6610409551532003,
          0.0,
          0.7503498221564023
        ]
      ],
      "transform_matrix": [
        [
          0.7503498221564023,
          0.0,
          0.6610409551532003,
          3.751749110782012
        ],
        [
          0.0,
          1.0,
          0.0,
          3.061616997868383e-16
        ],
        [
          -0.6610409551532003,
          0.0,
          0.7503498221564023,
          3.3052047757660015
        ],
        [
          0.0,
          0.0,
          0.0,
          1.0
        ]
      ]
    },
    {
      "image_id": 11,
      "image_name": "0011.jpg",
      "camera_position": [
        3.503473010366713,
        3.061616997868383e-16,
        3.5673066682907995
      ],
      "rotation_matrix": [
        [
          0.7006946020733426,
          0.0,
          0.7134613336581599
        ],
        [
          0.0,
          1.0,
          0.0
        ],
        [
          -0.7134613336581599,
          0.0,
          0.7006946020733426
        ]
      ],
      "transform_matrix": [
        [
          0.7006946020733426,
          0.0,
          0.7134613336581599,
          3.503473010366713
        ],
        [
          0.0,
          1.0,
          0.0,
          3.061616997868383e-16
        ],
        [
          -0.7134613336581599,
          0.0,
          0.7006946020733426,
          3.5673066682907995
        ],
        [
          0.0,
          0.0,
          0.0,
          1.0
        ]
      ]
    },
    {
      "image_id": 12,
      "image_name": "0012.jpg",
      "camera_position": [
        3.2369314239091382,
        3.061616997868383e-16,
        3.8108102756381825
      ],
      "rotation_matrix": [
        [
          0.6473862847818277,
          0.0,
          0.7621620551276365
        ],
        [
          0.0,
          1.0,
          0.0
        ],
        [
          -0.7621620551276365,
          0.0,
          0.6473862847818277
        ]
      ],
      "transform_matrix": [
        [
          0.6473862847818277,
          0.0,
          0.7621620551276365,
          3.2369314239091382
        ],
        [
          0.0,
          1.0,
          0.0,
          3.061616997868383e-16
        ],
        [
          -0.7621620551276365,
          0.0,
          0.6473862847818277,
          3.8108102756381825
        ],
        [
          0.0,
          0.0,
          0.0,
          1.0
        ]
      ]
    },
    {
      "image_id": 13,
      "image_name": "0013.jpg",
      "camera_position": [
        2.953513975822755,
        3.061616997868383e-16,
        4.034446082750352
      ],
      "rotation_matrix": [
        [
          0.590702795164551,
          0.0,
          0.8068892165500704
        ],
        [
          0.0,
          1.0,
          0.0
        ],
        [
          -0.8068892165500704,
          0.0,
          0.590702795164551
        ]
      ],
      "transform_matrix": [
        [
          0.590702795164551,
          0.0,
          0.8068892165500704,
          2.953513975822755
        ],
        [
          0.0,
          1.0,
          0.0,
          3.061616997868383e-16
        ],
        [
          -0.8068892165500704,
          0.0,
          0.590702795164551,
          4.034446082750352
        ],
        [
          0.0,
          0.0,
          0.0,
          1.0
        ]
      ]
    },
    {
      "image_id": 14,
      "image_name": "0014.jpg",
      "camera_position": [
        2.654698273449434,
        3.061616997868383e-16,
        4.237048156080433
      ],
      "rotation_matrix": [
        [
          0.5309396546898868,
          0.0,
          0.8474096312160865
        ],
        [
          0.0,
          1.0,
          0.0
        ],
        [
          -0.8474096312160865,
          0.0,
          0.5309396546898868
        ]
      ],
      "transform_matrix": [
        [
          0.5309396546898868,
          0.0,
          0.8474096312160865,
          2.654698273449434
        ],
        [
          0.0,
          1.0,
          0.0,
          3.061616997868383e-16
        ],
        [
          -0.8474096312160865,
          0.0,
          0.5309396546898868,
          4.237048156080433
        ],
        [
          0.0,
          0.0,
          0.0,
          1.0
        ]
      ]
    },
    {
      "image_id": 15,
      "image_name": "0015.jpg",
      "camera_position": [
        2.3420422034989508,
        3.061616997868383e-16,
        4.417560222230115
      ],
      "rotation_matrix": [
        [
          0.46840844069979015,
          0.0,
          0.8835120444460229
        ],
        [
          0.0,
          1.0,
          0.0
        ],
        [
          -0.8835120444460229,
          0.0,
          0.46840844069979015
        ]
      ],
      "transform_matrix": [
        [
          0.46840844069979015,
          0.0,
          0.8835120444460229,
          2.3420422034989508
        ],
        [
          0.0,
          1.0,
          0.0,
          3.061616997868383e-16
        ],
        [
          -0.8835120444460229,
          0.0,
          0.46840844069979015,
          4.417560222230115
        ],
        [
          0.0,
          0.0,
          0.0,
          1.0
        ]
      ]
    },
    {
      "image_id": 16,
      "image_name": "0016.jpg",
      "camera_position": [
        2.017175809949043,
        3.061616997868383e-16,
        4.57504117487006
      ],
      "rotation_matrix": [
        [
          0.40343516198980856,
          0.0,
          0.9150082349740121
        ],
        [
          0.0,
          1.0,
          0.0
        ],
        [
          -0.9150082349740121,
          0.0,
          0.40343516198980856
        ]
      ],
      "transform_matrix": [
        [
          0.40343516198980856,
          0.0,
          0.9150082349740121,
          2.017175809949043
        ],
        [
          0.0,
          1.0,
          0.0,
          3.061616997868383e-16
        ],
        [
          -0.9150082349740121,
          0.0,
          0.40343516198980856,
          4.57504117487006
        ],
        [
          0.0,
          0.0,
          0.0,
          1.0
        ]
      ]
    },
    {
      "image_id": 17,
      "image_name": "0017.jpg",
      "camera_position": [
        1.6817927957508751,
        3.061616997868383e-16,
        4.708669981232541
      ],
      "rotation_matrix": [
        [
          0.33635855915017504,
          0.0,
          0.9417339962465081
        ],
        [
          0.0,
          1.0,
          0.0
        ],
        [
          -0.9417339962465081,
          0.0,
          0.33635855915017504
        ]
      ],
      "transform_matrix": [
        [
          0.33635855915017504,
          0.0,
          0.9417339962465081,
          1.6817927957508751
        ],
        [
          0.0,
          1.0,
          0.0,
          3.061616997868383e-16
        ],
        [
          -0.9417339962465081,
          0.0,
          0.33635855915017504,
          4.708669981232541
        ],
        [
          0.0,
          0.0,
          0.0,
          1.0
        ]
      ]
    },
    {
      "image_id": 18,
      "image_name": "0018.jpg",
      "camera_position": [
        1.3376416926461037,
        3.061616997868383e-16,
        4.817749962596115
      ],
      "rotation_matrix": [
        [
          0.26752833852922075,
          0.0,
          0.963549992519223
        ],
        [
          0.0,
          1.0,
          0.0
        ],
        [
          -0.963549992519223,
          0.0,
          0.26752833852922075
        ]
      ],
      "transform_matrix": [
        [
          0.26752833852922075,
          0.0,
          0.963549992519223,
          1.3376416926461037
        ],
        [
          0.0,
          1.0,
          0.0,
          3.061616997868383e-16
        ],
        [
          -0.963549992519223,
          0.0,
          0.26752833852922075,
          4.817749962596115
        ],
        [
          0.0,
          0.0,
          0.0,
          1.0
        ]
      ]
    },
    {
      "image_id": 19,
      "image_name": "0019.jpg",
      "camera_position": [
        0.9865167451320013,
        3.061616997868383e-16,
        4.901712426445901
      ],
      "rotation_matrix": [
        [
          0.19730334902640026,
          0.0,
          0.9803424852891802
        ],
        [
          0.0,
          1.0,
          0.0
        ],
        [
          -0.9803424852891802,
          0.0,
          0.19730334902640026
        ]
      ],
      "transform_matrix": [
        [
          0.19730334902640026,
          0.0,
          0.9803424852891802,
          0.9865167451320013
        ],
        [
          0.0,
          1.0,
          0.0,
          3.061616997868383e-16
        ],
        [
          -0.9803424852891802,
          0.0,
          0.19730334902640026,
          4.901712426445901
        ],
        [
          0.0,
          0.0,
          0.0,
          1.0
        ]
      ]
    },
    {
      "image_id": 20,
      "image_name": "0020.jpg",
      "camera_position": [
        0.630248556101447,
        3.061616997868383e-16,
        4.960119631373022
      ],
      "rotation_matrix": [
        [
          0.1260497112202894,
          0.0,
          0.9920239262746043
        ],
        [
          0.0,
          1.0,
          0.0
        ],
        [
          -0.9920239262746043,
          0.0,
          0.1260497112202894
        ]
      ],
      "transform_matrix": [
        [
          0.1260497112202894,
          0.0,
          0.9920239262746043,
          0.630248556101447
        ],
        [
          0.0,
          1.0,
          0.0,
          3.061616997868383e-16
        ],
        [
          -0.9920239262746043,
          0.0,
          0.1260497112202894,
          4.960119631373022
        ],
        [
          0.0,
          0.0,
          0.0,
          1.0
        ]
      ]
    },
    {
      "image_id": 21,
      "image_name": "0021.jpg",
      "camera_position": [
        0.27069454292708806,
        3.061616997868383e-16,
        4.992667069255619
      ],
      "rotation_matrix": [
        [
          0.05413890858541761,
          0.0,
          0.9985334138511238
        ],
        [
          0.0,
          1.0,
          0.0
        ],
        [
          -0.9985334138511238,
          0.0,
          0.05413890858541761
        ]
      ],
      "transform_matrix": [
        [
          0.05413890858541761,
          0.0,
          0.9985334138511238,
          0.27069454292708806
        ],
        [
          0.0,
          1.0,
          0.0,
          3.061616997868383e-16
        ],
        [
          -0.9985334138511238,
          0.0,
          0.05413890858541761,
          4.992667069255619
        ],
        [
          0.0,
          0.0,
          0.0,
          1.0
        ]
      ]
    },
    {
      "image_id": 22,
      "image_name": "0022.jpg",
      "camera_position": [
        -0.09027074625280157,
        3.061616997868383e-16,
        4.999185052823206
      ],
      "rotation_matrix": [
        [
          -0.018054149250560314,
          0.0,
          0.9998370105646412
        ],
        [
          0.0,
          1.0,
          0.0
        ],
        [
          -0.9998370105646412,
          0.0,
          -0.018054149250560314
        ]
      ],
      "transform_matrix": [
        [
          -0.018054149250560314,
          0.0,
          0.9998370105646412,
          -0.09027074625280157
        ],
        [
          0.0,
          1.0,
          0.0,
          3.061616997868383e-16
        ],
        [
          -0.9998370105646412,
          0.0,
          -0.018054149250560314,
          4.999185052823206
        ],
        [
          0.0,
          0.0,
          0.0,
          1.0
        ]
      ]
    },
    {
      "image_id": 23,
      "image_name": "0023.jpg",
      "camera_position": [
        -0.4507654055603253,
        3.061616997868383e-16,
        4.979639600327522
      ],
      "rotation_matrix": [
        [
          -0.09015308111206506,
          0.0,
          0.9959279200655042
        ],
        [
          0.0,
          1.0,
          0.0
        ],
        [
          -0.9959279200655042,
          0.0,
          -0.09015308111206506
        ]
      ],
      "transform_matrix": [
        [
          -0.09015308111206506,
          0.0,
          0.9959279200655042,
          -0.4507654055603253
        ],
        [
          0.0,
          1.0,
          0.0,
          3.061616997868383e-16
        ],
        [
          -0.9959279200655042,
          0.0,
          -0.09015308111206506,
          4.979639600327522
        ],
        [
          0.0,
          0.0,
          0.0,
          1.0
        ]
      ]
    },
    {
      "image_id": 24,
      "image_name": "0024.jpg",
      "camera_position": [
        -0.8089099827638236,
        3.061616997868383e-16,
        4.93413261270763
      ],
      "rotation_matrix": [
        [
          -0.16178199655276473,
          0.0,
          0.9868265225415261
        ],
        [
          0.0,
          1.0,
          0.0
        ],
        [
          -0.9868265225415261,
          0.0,
          -0.16178199655276473
        ]
      ],
      "transform_matrix": [
        [
          -0.16178199655276473,
          0.0,
          0.9868265225415261,
          -0.8089099827638236
        ],
        [
          0.0,
          1.0,
          0.0,
          3.061616997868383e-16
        ],
        [
          -0.9868265225415261,
          0.0,
          -0.16178199655276473,
          4.93413261270763
        ],
        [
          0.0,
          0.0,
          0.0,
          1.0
        ]
      ]
    },
    {
      "image_id": 25,
      "image_name": "0025.jpg",
      "camera_position": [
        -1.1628372778715519,
        3.061616997868383e-16,
        4.862901342325616
      ],
      "rotation_matrix": [
        [
          -0.23256745557431038,
          0.0,
          0.9725802684651232
        ],
        [
          0.0,
          1.0,
          0.0
        ],
        [
          -0.9725802684651232,
          0.0,
          -0.23256745557431038
        ]
      ],
      "transform_matrix": [
        [
          -0.23256745557431038,
          0.0,
          0.9725802684651232,
          -1.1628372778715519
        ],
        [
          0.0,
          1.0,
          0.0,
          3.061616997868383e-16
        ],
        [
          -0.9725802684651232,
          0.0,
          -0.23256745557431038,
          4.862901342325616
        ],
        [
          0.0,
          0.0,
          0.0,
          1.0
        ]
      ]
    },
    {
      "image_id": 26,
      "image_name": "0026.jpg",
      "camera_position": [
        -1.5107020778478641,
        3.061616997868383e-16,
        4.766317156042613
      ],
      "rotation_matrix": [
        [
          -0.30214041556957283,
          0.0,
          0.9532634312085226
        ],
        [
          0.0,
          1.0,
          0.0
        ],
        [
          -0.9532634312085226,
          0.0,
          -0.30214041556957283
        ]
      ],
      "transform_matrix": [
        [
          -0.30214041556957283,
          0.0,
          0.9532634312085226,
          -1.5107020778478641
        ],
        [
          0.0,
          1.0,
          0.0,
          3.061616997868383e-16
        ],
        [
          -0.9532634312085226,
          0.0,
          -0.30214041556957283,
          4.766317156042613
        ],
        [
          0.0,
          0.0,
          0.0,
          1.0
        ]
      ]
    },
    {
      "image_id": 27,
      "image_name": "0027.jpg",
      "camera_position": [
        -1.850690776699571,
        3.061616997868383e-16,
        4.644883599083958
      ],
      "rotation_matrix": [
        [
          -0.37013815533991423,
          0.0,
          0.9289767198167915
        ],
        [
          0.0,
          1.0,
          0.0
        ],
        [
          -0.9289767198167915,
          0.0,
          -0.37013815533991423
        ]
      ],
      "transform_matrix": [
        [
          -0.37013815533991423,
          0.0,
          0.9289767198167915,
          -1.850690776699571
        ],
        [
          0.0,
          1.0,
          0.0,
          3.061616997868383e-16
        ],
        [
          -0.9289767198167915,
          0.0,
          -0.37013815533991423,
          4.644883599083958
        ],
        [
          0.0,
          0.0,
          0.0,
          1.0
        ]
      ]
    },
    {
      "image_id": 28,
      "image_name": "0028.jpg",
      "camera_position": [
        -2.1810308307778374,
        3.061616997868383e-16,
        4.499233769787533
      ],
      "rotation_matrix": [
        [
          -0.4362061661555675,
          0.0,
          0.8998467539575066
        ],
        [
          0.0,
          1.0,
          0.0
        ],
        [
          -0.8998467539575066,
          0.0,
          -0.4362061661555675
        ]
      ],
      "transform_matrix": [
        [
          -0.4362061661555675,
          0.0,
          0.8998467539575066,
          -2.1810308307778374
        ],
        [
          0.0,
          1.0,
          0.0,
          3.061616997868383e-16
        ],
        [
          -0.8998467539575066,
          0.0,
          -0.4362061661555675,
          4.499233769787533
        ],
        [
          0.0,
          0.0,
          0.0,
          1.0
        ]
      ]
    },
    {
      "image_id": 29,
      "image_name": "0029.jpg",
      "camera_position": [
        -2.500000000000001,
        3.061616997868383e-16,
        4.330127018922193
      ],
      "rotation_matrix": [
        [
          -0.5000000000000002,
          0.0,
          0.8660254037844386
        ],
        [
          0.0,
          1.0,
          0.0
        ],
        [
          -0.8660254037844386,
          0.0,
          -0.5000000000000002
        ]
      ],
      "transform_matrix": [
        [
          -0.5000000000000002,
          0.0,
          0.8660254037844386,
          -2.500000000000001
        ],
        [
          0.0,
          1.0,
          0.0,
          3.061616997868383e-16
        ],
        [
          -0.8660254037844386,
          0.0,
          -0.5000000000000002,
          4.330127018922193
        ],
        [
          0.0,
          0.0,
          0.0,
          1.0
        ]
      ]
    },
    {
      "image_id": 30,
      "image_name": "0030.jpg",
      "camera_position": [
        -2.8059353268119116,
        3.061616997868383e-16,
        4.1384449907844525
      ],
      "rotation_matrix": [
        [
          -0.5611870653623823,
          0.0,
          0.8276889981568906
        ],
        [
          0.0,
          1.0,
          0.0
        ],
        [
          -0.8276889981568906,
          0.0,
          -0.5611870653623823
        ]
      ],
      "transform_matrix": [
        [
          -0.5611870653623823,
          0.0,
          0.8276889981568906,
          -2.8059353268119116
        ],
        [
          0.0,
          1.0,
          0.0,
          3.061616997868383e-16
        ],
        [
          -0.8276889981568906,
          0.0,
          -0.5611870653623823,
          4.1384449907844525
        ],
        [
          0.0,
          0.0,
          0.0,
          1.0
        ]
      ]
    },
    {
      "image_id": 31,
      "image_name": "0031.jpg",
      "camera_position": [
        -3.097241806078613,
        3.061616997868383e-16,
        3.9251870267133624
      ],
      "rotation_matrix": [
        [
          -0.6194483612157227,
          0.0,
          0.7850374053426725
        ],
        [
          0.0,
          1.0,
          0.0
        ],
        [
          -0.7850374053426725,
          0.0,
          -0.6194483612157227
        ]
      ],
      "transform_matrix": [
        [
          -0.6194483612157227,
          0.0,
          0.7850374053426725,
          -3.097241806078613
        ],
        [
          0.0,
          1.0,
          0.0,
          3.061616997868383e-16
        ],
        [
          -0.7850374053426725,
          0.0,
          -0.6194483612157227,
          3.9251870267133624
        ],
        [
          0.0,
          0.0,
          0.0,
          1.0
        ]
      ]
    },
    {
      "image_id": 32,
      "image_name": "0032.jpg",
      "camera_position": [
        -3.372400700702569,
        3.061616997868383e-16,
        3.691464954987494
      ],
      "rotation_matrix": [
        [
          -0.6744801401405138,
          0.0,
          0.7382929909974988
        ],
        [
          0.0,
          1.0,
          0.0
        ],
        [
          -0.7382929909974988,
          0.0,
          -0.6744801401405138
        ]
      ],
      "transform_matrix": [
        [
          -0.6744801401405138,
          0.0,
          0.7382929909974988,
          -3.372400700702569
        ],
        [
          0.0,
          1.0,
          0.0,
          3.061616997868383e-16
        ],
        [
          -0.7382929909974988,
          0.0,
          -0.6744801401405138,
          3.691464954987494
        ],
        [
          0.0,
          0.0,
          0.0,
          1.0
        ]
      ]
    },
    {
      "image_id": 33,
      "image_name": "0033.jpg",
      "camera_position": [
        -3.629977459615654,
        3.061616997868383e-16,
        3.438497294267116
      ],
      "rotation_matrix": [
        [
          -0.7259954919231308,
          0.0,
          0.6876994588534232
        ],
        [
          0.0,
          1.0,
          0.0
        ],
        [
          -0.6876994588534232,
          0.0,
          -0.7259954919231308
        ]
      ],
      "transform_matrix": [
        [
          -0.7259954919231308,
          0.0,
          0.6876994588534232,
          -3.629977459615654
        ],
        [
          0.0,
          1.0,
          0.0,
          3.061616997868383e-16
        ],
        [
          -0.6876994588534232,
          0.0,
          -0.7259954919231308,
          3.438497294267116
        ],
        [
          0.0,
          0.0,
          0.0,
          1.0
        ]
      ]
    },
    {
      "image_id": 34,
      "image_name": "0034.jpg",
      "camera_position": [
        -3.868629196864182,
        3.061616997868383e-16,
        3.1676029008021183
      ],
      "rotation_matrix": [
        [
          -0.7737258393728365,
          0.0,
          0.6335205801604237
        ],
        [
          0.0,
          1.0,
          0.0
        ],
        [
          -0.6335205801604237,
          0.0,
          -0.7737258393728365
        ]
      ],
      "transform_matrix": [
        [
          -0.7737258393728365,
          0.0,
          0.6335205801604237,
          -3.868629196864182
        ],
        [
          0.0,
          1.0,
          0.0,
          3.061616997868383e-16
        ],
        [
          -0.6335205801604237,
          0.0,
          -0.7737258393728365,
          3.1676029008021183
        ],
        [
          0.0,
          0.0,
          0.0,
          1.0
        ]
      ]
    },
    {
      "image_id": 35,
      "image_name": "0035.jpg",
      "camera_position": [
        -4.087111692794459,
        3.061616997868383e-16,
        2.8801940925261986
      ],
      "rotation_matrix": [
        [
          -0.8174223385588918,
          0.0,
          0.5760388185052397
        ],
        [
          0.0,
          1.0,
          0.0
        ],
        [
          -0.5760388185052397,
          0.0,
          -0.8174223385588918
        ]
      ],
      "transform_matrix": [
        [
          -0.8174223385588918,
          0.0,
          0.5760388185052397,
          -4.087111692794459
        ],
        [
          0.0,
          1.0,
          0.0,
          3.061616997868383e-16
        ],
        [
          -0.5760388185052397,
          0.0,
          -0.8174223385588918,
          2.8801940925261986
        ],
        [
          0.0,
          0.0,
          0.0,
          1.0
        ]
      ]
    },
    {
      "image_id": 36,
      "image_name": "0036.jpg",
      "camera_position": [
        -4.284285880837946,
        3.061616997868383e-16,
        2.577769285885108
      ],
      "rotation_matrix": [
        [
          -0.8568571761675893,
          0.0,
          0.5155538571770216
        ],
        [
          0.0,
          1.0,
          0.0
        ],
        [
          -0.5155538571770216,
          0.0,
          -0.8568571761675893
        ]
      ],
      "transform_matrix": [
        [
          -0.8568571761675893,
          0.0,
          0.5155538571770216,
          -4.284285880837946
        ],
        [
          0.0,
          1.0,
          0.0,
          3.061616997868383e-16
        ],
        [
          -0.5155538571770216,
          0.0,
          -0.8568571761675893,
          2.577769285885108
        ],
        [
          0.0,
          0.0,
          0.0,
          1.0
        ]
      ]
    },
    {
      "image_id": 37,
      "image_name": "0037.jpg",
      "camera_position": [
        -4.459123786076911,
        3.061616997868383e-16,
        2.2619051837871353
      ],
      "rotation_matrix": [
        [
          -0.8918247572153822,
          0.0,
          0.452381036757427
        ],
        [
          0.0,
          1.0,
          0.0
        ],
        [
          -0.452381036757427,
          0.0,
          -0.8918247572153822
        ]
      ],
      "transform_matrix": [
        [
          -0.8918247572153822,
          0.0,
          0.452381036757427,
          -4.459123786076911
        ],
        [
          0.0,
          1.0,
          0.0,
          3.061616997868383e-16
        ],
        [
          -0.452381036757427,
          0.0,
          -0.8918247572153822,
          2.2619051837871353
        ],
        [
          0.0,
          0.0,
          0.0,
          1.0
        ]
      ]
    },
    {
      "image_id": 38,
      "image_name": "0038.jpg",
      "camera_position": [
        -4.610713884629664,
        3.061616997868383e-16,
        1.934248555404198
      ],
      "rotation_matrix": [
        [
          -0.9221427769259329,
          0.0,
          0.3868497110808396
        ],
        [
          0.0,
          1.0,
          0.0
        ],
        [
          -0.3868497110808396,
          0.0,
          -0.9221427769259329
        ]
      ],
      "transform_matrix": [
        [
          -0.9221427769259329,
          0.0,
          0.3868497110808396,
          -4.610713884629664
        ],
        [
          0.0,
          1.0,
          0.0,
          3.061616997868383e-16
        ],
        [
          -0.3868497110808396,
          0.0,
          -0.9221427769259329,
          1.934248555404198
        ],
        [
          0.0,
          0.0,
          0.0,
          1.0
        ]
      ]
    },
    {
      "image_id": 39,
      "image_name": "0039.jpg",
      "camera_position": [
        -4.738265855914012,
        3.061616997868383e-16,
        1.5965076506799012
      ],
      "rotation_matrix": [
        [
          -0.9476531711828023,
          0.0,
          0.3193015301359802
        ],
        [
          0.0,
          1.0,
          0.0
        ],
        [
          -0.3193015301359802,
          0.0,
          -0.9476531711828023
        ]
      ],
      "transform_matrix": [
        [
          -0.9476531711828023,
          0.0,
          0.3193015301359802,
          -4.738265855914012
        ],
        [
          0.0,
          1.0,
          0.0,
          3.061616997868383e-16
        ],
        [
          -0.3193015301359802,
          0.0,
          -0.9476531711828023,
          1.5965076506799012
        ],
        [
          0.0,
          0.0,
          0.0,
          1.0
        ]
      ]
    },
    {
      "image_id": 40,
      "image_name": "0040.jpg",
      "camera_position": [
        -4.841114703012817,
        3.061616997868383e-16,
        1.2504432943053154
      ],
      "rotation_matrix": [
        [
          -0.9682229406025633,
          0.0,
          0.2500886588610631
        ],
        [
          0.0,
          1.0,
          0.0
        ],
        [
          -0.2500886588610631,
          0.0,
          -0.9682229406025633
        ]
      ],
      "transform_matrix": [
        [
          -0.9682229406025633,
          0.0,
          0.2500886588610631,
          -4.841114703012817
        ],
        [
          0.0,
          1.0,
          0.0,
          3.061616997868383e-16
        ],
        [
          -0.2500886588610631,
          0.0,
          -0.9682229406025633,
          1.2504432943053154
        ],
        [
          0.0,
          0.0,
          0.0,
          1.0
        ]
      ]
    },
    {
      "image_id": 41,
      "image_name": "0041.jpg",
      "camera_position": [
        -4.918724219660014,
        3.061616997868383e-16,
        0.8978597055943599
      ],
      "rotation_matrix": [
        [
          -0.9837448439320027,
          0.0,
          0.17957194111887198
        ],
        [
          0.0,
          1.0,
          0.0
        ],
        [
          -0.17957194111887198,
          0.0,
          -0.9837448439320027
        ]
      ],
      "transform_matrix": [
        [
          -0.9837448439320027,
          0.0,
          0.17957194111887198,
          -4.918724219660014
        ],
        [
          0.0,
          1.0,
          0.0,
          3.061616997868383e-16
        ],
        [
          -0.17957194111887198,
          0.0,
          -0.9837448439320027,
          0.8978597055943599
        ],
        [
          0.0,
          0.0,
          0.0,
          1.0
        ]
      ]
    },
    {
      "image_id": 42,
      "image_name": "0042.jpg",
      "camera_position": [
        -4.970689785771798,
        3.061616997868383e-16,
        0.5405950921197096
      ],
      "rotation_matrix": [
        [
          -0.9941379571543596,
          0.0,
          0.10811901842394192
        ],
