{
  "scene": "建筑_别墅建筑花园",
  "camera_model": "PINHOLE",
  "width": 1280,
  "height": 832,
  "focal_length": 1229.4285612615463,
  "num_images": 81,
  "poses": [
    {
      "image_id": 0,
      "image_name": "0000.jpg",
      "camera_position": [
        5.0,
        3.061616997868383e-16,
        0.0
      ],
      "rotation_matrix": [
        [
          1.0,
          0.0,
          0.0
        ],
        [
          0.0,
          1.0,
          0.0
        ],
        [
          -0.0,
          0.0,
          1.0
        ]
      ],
      "transform_matrix": [
        [
          1.0,
          0.0,
          0.0,
          5.0
        ],
        [
          0.0,
          1.0,
          0.0,
          3.061616997868383e-16
        ],
        [
          -0.0,
          0.0,
          1.0,
          0.0
        ],
        [
          0.0,
          0.0,
          0.0,
          1.0
        ]
      ]
    },
    {
      "image_id": 1,
      "image_name": "0001.jpg",
      "camera_position": [
        4.98496470583896,
        3.061616997868383e-16,
        0.3874621033596547
      ],
      "rotation_matrix": [
        [
          0.996992941167792,
          0.0,
          0.07749242067193093
        ],
        [
          0.0,
          1.0,
          0.0
        ],
        [
          -0.07749242067193093,
          0.0,
          0.996992941167792
        ]
      ],
      "transform_matrix": [
        [
          0.996992941167792,
          0.0,
          0.07749242067193093,
          4.98496470583896
        ],
        [
          0.0,
          1.0,
          0.0,
          3.061616997868383e-16
        ],
        [
          -0.07749242067193093,
          0.0,
          0.996992941167792,
          0.3874621033596547
        ],
        [
          0.0,
          0.0,
          0.0,
          1.0
        ]
      ]
    },
    {
      "image_id": 2,
      "image_name": "0002.jpg",
      "camera_position": [
        4.939949247384045,
        3.061616997868383e-16,
        0.7725939640392023
      ],
      "rotation_matrix": [
        [
          0.987989849476809,
          0.0,
          0.15451879280784048
        ],
        [
          0.0,
          1.0,
          0.0
        ],
        [
          -0.15451879280784048,
          0.0,
          0.987989849476809
        ]
      ],
      "transform_matrix": [
        [
          0.987989849476809,
          0.0,
          0.15451879280784048,
          4.939949247384045
        ],
        [
          0.0,
          1.0,
          0.0,
          3.061616997868383e-16
        ],
        [
          -0.15451879280784048,
          0.0,
          0.987989849476809,
          0.7725939640392023
        ],
        [
          0.0,
          0.0,
          0.0,
          1.0
        ]
      ]
    },
    {
      "image_id": 3,
      "image_name": "0003.jpg",
      "camera_position": [
        4.865224352899119,
        3.061616997868383e-16,
        1.1530793537122008
      ],
      "rotation_matrix": [
        [
          0.9730448705798238,
          0.0,
          0.23061587074244017
        ],
        [
          0.0,
          1.0,
          0.0
        ],
        [
          -0.23061587074244017,
          0.0,
          0.9730448705798238
        ]
      ],
      "transform_matrix": [
        [
          0.9730448705798238,
          0.0,
          0.23061587074244017,
          4.865224352899119
        ],
        [
          0.0,
          1.0,
          0.0,
          3.061616997868383e-16
        ],
        [
          -0.23061587074244017,
          0.0,
          0.9730448705798238,
          1.1530793537122008
        ],
        [
          0.0,
          0.0,
          0.0,
          1.0
        ]
      ]
    },
    {
      "image_id": 4,
      "image_name": "0004.jpg",
      "camera_position": [
        4.761239426692077,
        3.061616997868383e-16,
        1.5266299884755654
      ],
      "rotation_matrix": [
        [
          0.9522478853384153,
          0.0,
          0.3053259976951131
        ],
        [
          0.0,
          1.0,
          0.0
        ],
        [
          -0.3053259976951131,
          0.0,
          0.9522478853384153
        ]
      ],
      "transform_matrix": [
        [
          0.9522478853384153,
          0.0,
          0.3053259976951131,
          4.761239426692077
        ],
        [
          0.0,
          1.0,
          0.0,
          3.061616997868383e-16
        ],
        [
          -0.3053259976951131,
          0.0,
          0.9522478853384153,
          1.5266299884755654
        ],
        [
          0.0,
          0.0,
          0.0,
          1.0
        ]
      ]
    },
    {
      "image_id": 5,
      "image_name": "0005.jpg",
      "camera_position": [
        4.628619846344452,
        3.061616997868383e-16,
        1.8909992908582125
      ],
      "rotation_matrix": [
        [
          0.9257239692688904,
          0.0,
          0.3781998581716425
        ],
        [
          0.0,
          1.0,
          0.0
        ],
        [
          -0.3781998581716425,
          0.0,
          0.9257239692688904
        ]
      ],
      "transform_matrix": [
        [
          0.9257239692688904,
          0.0,
          0.3781998581716425,
          4.628619846344452
        ],
        [
          0.0,
          1.0,
          0.0,
          3.061616997868383e-16
        ],
        [
          -0.3781998581716425,
          0.0,
          0.9257239692688904,
          1.8909992908582125
        ],
        [
          0.0,
          0.0,
          0.0,
          1.0
        ]
      ]
    },
    {
      "image_id": 6,
      "image_name": "0006.jpg",
      "camera_position": [
        4.468163201617061,
        3.061616997868383e-16,
        2.243995901002311
      ],
      "rotation_matrix": [
        [
          0.8936326403234123,
          0.0,
          0.44879918020046217
        ],
        [
          0.0,
          1.0,
          0.0
        ],
        [
          -0.44879918020046217,
          0.0,
          0.8936326403234123
        ]
      ],
      "transform_matrix": [
        [
          0.8936326403234123,
          0.0,
          0.44879918020046217,
          4.468163201617061
        ],
        [
          0.0,
          1.0,
          0.0,
          3.061616997868383e-16
        ],
        [
          -0.44879918020046217,
          0.0,
          0.8936326403234123,
          2.243995901002311
        ],
        [
          0.0,
          0.0,
          0.0,
          1.0
        ]
      ]
    },
    {
      "image_id": 7,
      "image_name": "0007.jpg",
      "camera_position": [
        4.280834497651332,
        3.061616997868383e-16,
        2.5834968557593143
      ],
      "rotation_matrix": [
        [
          0.8561668995302665,
          0.0,
          0.5166993711518628
        ],
        [
          0.0,
          1.0,
          0.0
        ],
        [
          -0.5166993711518628,
          0.0,
          0.8561668995302665
        ]
      ],
      "transform_matrix": [
        [
          0.8561668995302665,
          0.0,
          0.5166993711518628,
          4.280834497651332
        ],
        [
          0.0,
          1.0,
          0.0,
          3.061616997868383e-16
        ],
        [
          -0.5166993711518628,
          0.0,
          0.8561668995302665,
          2.5834968557593143
        ],
        [
          0.0,
          0.0,
          0.0,
          1.0
        ]
      ]
    },
    {
      "image_id": 8,
      "image_name": "0008.jpg",
      "camera_position": [
        4.067760351314838,
        3.061616997868383e-16,
        2.907460356440133
      ],
      "rotation_matrix": [
        [
          0.8135520702629676,
          0.0,
          0.5814920712880266
        ],
        [
          0.0,
          1.0,
          0.0
        ],
        [
          -0.5814920712880266,
          0.0,
          0.8135520702629676
        ]
      ],
      "transform_matrix": [
        [
          0.8135520702629676,
          0.0,
          0.5814920712880266,
          4.067760351314838
        ],
        [
          0.0,
          1.0,
          0.0,
          3.061616997868383e-16
        ],
        [
          -0.5814920712880266,
          0.0,
          0.8135520702629676,
          2.907460356440133
        ],
        [
          0.0,
          0.0,
          0.0,
          1.0
        ]
      ]
    },
    {
      "image_id": 9,
      "image_name": "0009.jpg",
      "camera_position": [
        3.83022221559489,
        3.061616997868383e-16,
        3.2139380484326963
      ],
      "rotation_matrix": [
        [
          0.766044443118978,
          0.0,
          0.6427876096865393
        ],
        [
          0.0,
          1.0,
          0.0
        ],
        [
          -0.6427876096865393,
          0.0,
          0.766044443118978
        ]
      ],
      "transform_matrix": [
        [
          0.766044443118978,
          0.0,
          0.6427876096865393,
          3.83022221559489
        ],
        [
          0.0,
          1.0,
          0.0,
          3.061616997868383e-16
        ],
        [
          -0.6427876096865393,
          0.0,
          0.766044443118978,
          3.2139380484326963
        ],
        [
          0.0,
          0.0,
          0.0,
          1.0
        ]
      ]
    },
    {
      "image_id": 10,
      "image_name": "0010.jpg",
      "camera_position": [
        3.5696486727894956,
        3.061616997868383e-16,
        3.501086738835842
      ],
      "rotation_matrix": [
        [
          0.7139297345578991,
          0.0,
          0.7002173477671685
        ],
        [
          0.0,
          1.0,
          0.0
        ],
        [
          -0.7002173477671685,
          0.0,
          0.7139297345578991
        ]
      ],
      "transform_matrix": [
        [
          0.7139297345578991,
          0.0,
          0.7002173477671685,
          3.5696486727894956
        ],
        [
          0.0,
          1.0,
          0.0,
          3.061616997868383e-16
        ],
        [
          -0.7002173477671685,
          0.0,
          0.7139297345578991,
          3.501086738835842
        ],
        [
          0.0,
          0.0,
          0.0,
          1.0
        ]
      ]
    },
    {
      "image_id": 11,
      "image_name": "0011.jpg",
      "camera_position": [
        3.2876068428453187,
        3.061616997868383e-16,
        3.767179481638303
      ],
      "rotation_matrix": [
        [
          0.6575213685690637,
          0.0,
          0.7534358963276606
        ],
        [
          0.0,
          1.0,
          0.0
        ],
        [
          -0.7534358963276606,
          0.0,
          0.6575213685690637
        ]
      ],
      "transform_matrix": [
        [
          0.6575213685690637,
          0.0,
          0.7534358963276606,
          3.2876068428453187
        ],
        [
          0.0,
          1.0,
          0.0,
          3.061616997868383e-16
        ],
        [
          -0.7534358963276606,
          0.0,
          0.6575213685690637,
          3.767179481638303
        ],
        [
          0.0,
          0.0,
          0.0,
          1.0
        ]
      ]
    },
    {
      "image_id": 12,
      "image_name": "0012.jpg",
      "camera_position": [
        2.985792958513931,
        3.061616997868383e-16,
        4.010615963775218
      ],
      "rotation_matrix": [
        [
          0.5971585917027862,
          0.0,
          0.8021231927550437
        ],
        [
          0.0,
          1.0,
          0.0
        ],
        [
          -0.8021231927550437,
          0.0,
          0.5971585917027862
        ]
      ],
      "transform_matrix": [
        [
          0.5971585917027862,
          0.0,
          0.8021231927550437,
          2.985792958513931
        ],
        [
          0.0,
          1.0,
          0.0,
          3.061616997868383e-16
        ],
        [
          -0.8021231927550437,
          0.0,
          0.5971585917027862,
          4.010615963775218
        ],
        [
          0.0,
          0.0,
          0.0,
          1.0
        ]
      ]
    },
    {
      "image_id": 13,
      "image_name": "0013.jpg",
      "camera_position": [
        2.6660221640084556,
        3.061616997868383e-16,
        4.229932129599206
      ],
      "rotation_matrix": [
        [
          0.5332044328016912,
          0.0,
          0.8459864259198411
        ],
        [
          0.0,
          1.0,
          0.0
        ],
        [
          -0.8459864259198411,
          0.0,
          0.5332044328016912
        ]
      ],
      "transform_matrix": [
        [
          0.5332044328016912,
          0.0,
          0.8459864259198411,
          2.6660221640084556
        ],
        [
          0.0,
          1.0,
          0.0,
          3.061616997868383e-16
        ],
        [
          -0.8459864259198411,
          0.0,
          0.5332044328016912,
          4.229932129599206
        ],
        [
          0.0,
          0.0,
          0.0,
          1.0
        ]
      ]
    },
    {
      "image_id": 14,
      "image_name": "0014.jpg",
      "camera_position": [
        2.3302175985126947,
        3.061616997868383e-16,
        4.423808985883289
      ],
      "rotation_matrix": [
        [
          0.46604351970253893,
          0.0,
          0.8847617971766577
        ],
        [
          0.0,
          1.0,
          0.0
        ],
        [
          -0.8847617971766577,
          0.0,
          0.46604351970253893
        ]
      ],
      "transform_matrix": [
        [
          0.46604351970253893,
          0.0,
          0.8847617971766577,
          2.3302175985126947
        ],
        [
          0.0,
          1.0,
          0.0,
          3.061616997868383e-16
        ],
        [
          -0.8847617971766577,
          0.0,
          0.46604351970253893,
          4.423808985883289
        ],
        [
          0.0,
          0.0,
          0.0,
          1.0
        ]
      ]
    },
    {
      "image_id": 15,
      "image_name": "0015.jpg",
      "camera_position": [
        1.9803988301957844,
        3.061616997868383e-16,
        4.59108053440137
      ],
      "rotation_matrix": [
        [
          0.3960797660391569,
          0.0,
          0.918216106880274
        ],
        [
          0.0,
          1.0,
          0.0
        ],
        [
          -0.918216106880274,
          0.0,
          0.3960797660391569
        ]
      ],
      "transform_matrix": [
        [
          0.3960797660391569,
          0.0,
          0.918216106880274,
          1.9803988301957844
        ],
        [
          0.0,
          1.0,
          0.0,
          3.061616997868383e-16
        ],
        [
          -0.918216106880274,
          0.0,
          0.3960797660391569,
          4.59108053440137
        ],
        [
          0.0,
          0.0,
          0.0,
          1.0
        ]
      ]
    },
    {
      "image_id": 16,
      "image_name": "0016.jpg",
      "camera_position": [
        1.6186697102916057,
        3.061616997868383e-16,
        4.730740784378752
      ],
      "rotation_matrix": [
        [
          0.3237339420583211,
          0.0,
          0.9461481568757504
        ],
        [
          0.0,
          1.0,
          0.0
        ],
        [
          -0.9461481568757504,
          0.0,
          0.3237339420583211
        ]
      ],
      "transform_matrix": [
        [
          0.3237339420583211,
          0.0,
          0.9461481568757504,
          1.6186697102916057
        ],
        [
          0.0,
          1.0,
          0.0,
          3.061616997868383e-16
        ],
        [
          -0.9461481568757504,
          0.0,
          0.3237339420583211,
          4.730740784378752
        ],
        [
          0.0,
          0.0,
          0.0,
          1.0
        ]
      ]
    },
    {
      "image_id": 17,
      "image_name": "0017.jpg",
      "camera_position": [
        1.2472057202899058,
        3.061616997868383e-16,
        4.8419498026390295
      ],
      "rotation_matrix": [
        [
          0.24944114405798115,
          0.0,
          0.9683899605278059
        ],
        [
          0.0,
          1.0,
          0.0
        ],
        [
          -0.9683899605278059,
          0.0,
          0.24944114405798115
        ]
      ],
      "transform_matrix": [
        [
          0.24944114405798115,
          0.0,
          0.9683899605278059,
          1.2472057202899058
        ],
        [
          0.0,
          1.0,
          0.0,
          3.061616997868383e-16
        ],
        [
          -0.9683899605278059,
          0.0,
          0.24944114405798115,
          4.8419498026390295
        ],
        [
          0.0,
          0.0,
          0.0,
          1.0
        ]
      ]
    },
    {
      "image_id": 18,
      "image_name": "0018.jpg",
      "camera_position": [
        0.8682408883346521,
        3.061616997868383e-16,
        4.92403876506104
      ],
      "rotation_matrix": [
        [
          0.17364817766693041,
          0.0,
          0.984807753012208
        ],
        [
          0.0,
          1.0,
          0.0
        ],
        [
          -0.984807753012208,
          0.0,
          0.17364817766693041
        ]
      ],
      "transform_matrix": [
        [
          0.17364817766693041,
          0.0,
          0.984807753012208,
          0.8682408883346521
        ],
        [
          0.0,
          1.0,
          0.0,
          3.061616997868383e-16
        ],
        [
          -0.984807753012208,
          0.0,
          0.17364817766693041,
          4.92403876506104
        ],
        [
          0.0,
          0.0,
          0.0,
          1.0
        ]
      ]
    },
    {
      "image_id": 19,
      "image_name": "0019.jpg",
      "camera_position": [
        0.4840543535158958,
        3.061616997868383e-16,
        4.976513978965829
      ],
      "rotation_matrix": [
        [
          0.09681087070317916,
          0.0,
          0.9953027957931658
        ],
        [
          0.0,
          1.0,
          0.0
        ],
        [
          -0.9953027957931658,
          0.0,
          0.09681087070317916
        ]
      ],
      "transform_matrix": [
        [
          0.09681087070317916,
          0.0,
          0.9953027957931658,
          0.4840543535158958
        ],
        [
          0.0,
          1.0,
          0.0,
          3.061616997868383e-16
        ],
        [
          -0.9953027957931658,
          0.0,
          0.09681087070317916,
          4.976513978965829
        ],
        [
          0.0,
          0.0,
          0.0,
          1.0
        ]
      ]
    },
    {
      "image_id": 20,
      "image_name": "0020.jpg",
      "camera_position": [
        0.09695665885912218,
        3.061616997868383e-16,
        4.999059852242508
      ],
      "rotation_matrix": [
        [
          0.019391331771824435,
          0.0,
          0.9998119704485015
        ],
        [
          0.0,
          1.0,
          0.0
        ],
        [
          -0.9998119704485015,
          0.0,
          0.019391331771824435
        ]
      ],
      "transform_matrix": [
        [
          0.019391331771824435,
          0.0,
          0.9998119704485015,
          0.09695665885912218
        ],
        [
          0.0,
          1.0,
          0.0,
          3.061616997868383e-16
        ],
        [
          -0.9998119704485015,
          0.0,
          0.019391331771824435,
          4.999059852242508
        ],
        [
          0.0,
          0.0,
          0.0,
          1.0
        ]
      ]
    },
    {
      "image_id": 21,
      "image_name": "0021.jpg",
      "camera_position": [
        -0.2907241445523789,
        3.061616997868383e-16,
        4.991540791356341
      ],
      "rotation_matrix": [
        [
          -0.058144828910475774,
          0.0,
          0.9983081582712682
        ],
        [
          0.0,
          1.0,
          0.0
        ],
        [
          -0.9983081582712682,
          0.0,
          -0.058144828910475774
        ]
      ],
      "transform_matrix": [
        [
          -0.058144828910475774,
          0.0,
          0.9983081582712682,
          -0.2907241445523789
        ],
        [
          0.0,
          1.0,
          0.0,
          3.061616997868383e-16
        ],
        [
          -0.9983081582712682,
          0.0,
          -0.058144828910475774,
          4.991540791356341
        ],
        [
          0.0,
          0.0,
          0.0,
          1.0
        ]
      ]
    },
    {
      "image_id": 22,
      "image_name": "0022.jpg",
      "camera_position": [
        -0.6766564987506541,
        3.061616997868383e-16,
        4.9540020168242265
      ],
      "rotation_matrix": [
        [
          -0.13533129975013083,
          0.0,
          0.9908004033648453
        ],
        [
          0.0,
          1.0,
          0.0
        ],
        [
          -0.9908004033648453,
          0.0,
          -0.13533129975013083
        ]
      ],
      "transform_matrix": [
        [
          -0.13533129975013083,
          0.0,
          0.9908004033648453,
          -0.6766564987506541
        ],
        [
          0.0,
          1.0,
          0.0,
          3.061616997868383e-16
        ],
        [
          -0.9908004033648453,
          0.0,
          -0.13533129975013083,
          4.9540020168242265
        ],
        [
          0.0,
          0.0,
          0.0,
          1.0
        ]
      ]
    },
    {
      "image_id": 23,
      "image_name": "0023.jpg",
      "camera_position": [
        -1.0585193611470525,
        3.061616997868383e-16,
        4.8866692912531775
      ],
      "rotation_matrix": [
        [
          -0.21170387222941048,
          0.0,
          0.9773338582506356
        ],
        [
          0.0,
          1.0,
          0.0
        ],
        [
          -0.9773338582506356,
          0.0,
          -0.21170387222941048
        ]
      ],
      "transform_matrix": [
        [
          -0.21170387222941048,
          0.0,
          0.9773338582506356,
          -1.0585193611470525
        ],
        [
          0.0,
          1.0,
          0.0,
          3.061616997868383e-16
        ],
        [
          -0.9773338582506356,
          0.0,
          -0.21170387222941048,
          4.8866692912531775
        ],
        [
          0.0,
          0.0,
          0.0,
          1.0
        ]
      ]
    },
    {
      "image_id": 24,
      "image_name": "0024.jpg",
      "camera_position": [
        -1.4340161635554511,
        3.061616997868383e-16,
        4.789947561577445
      ],
      "rotation_matrix": [
        [
          -0.2868032327110902,
          0.0,
          0.9579895123154889
        ],
        [
          0.0,
          1.0,
          0.0
        ],
        [
          -0.9579895123154889,
          0.0,
          -0.2868032327110902
        ]
      ],
      "transform_matrix": [
        [
          -0.2868032327110902,
          0.0,
          0.9579895123154889,
          -1.4340161635554511
        ],
        [
          0.0,
          1.0,
          0.0,
          3.061616997868383e-16
        ],
        [
          -0.9579895123154889,
          0.0,
          -0.2868032327110902,
          4.789947561577445
        ],
        [
          0.0,
          0.0,
          0.0,
          1.0
        ]
      ]
    },
    {
      "image_id": 25,
      "image_name": "0025.jpg",
      "camera_position": [
        -1.800888624023552,
        3.061616997868383e-16,
        4.664418523660003
      ],
      "rotation_matrix": [
        [
          -0.3601777248047104,
          0.0,
          0.9328837047320006
        ],
        [
          0.0,
          1.0,
          0.0
        ],
        [
          -0.9328837047320006,
          0.0,
          -0.3601777248047104
        ]
      ],
      "transform_matrix": [
        [
          -0.3601777248047104,
          0.0,
          0.9328837047320006,
          -1.800888624023552
        ],
        [
          0.0,
          1.0,
          0.0,
          3.061616997868383e-16
        ],
        [
          -0.9328837047320006,
          0.0,
          -0.3601777248047104,
          4.664418523660003
        ],
        [
          0.0,
          0.0,
          0.0,
          1.0
        ]
      ]
    },
    {
      "image_id": 26,
      "image_name": "0026.jpg",
      "camera_position": [
        -2.1569303284062684,
        3.061616997868383e-16,
        4.510837123905188
      ],
      "rotation_matrix": [
        [
          -0.43138606568125365,
          0.0,
          0.9021674247810376
        ],
        [
          0.0,
          1.0,
          0.0
        ],
        [
          -0.9021674247810376,
          0.0,
          -0.43138606568125365
        ]
      ],
      "transform_matrix": [
        [
          -0.43138606568125365,
          0.0,
          0.9021674247810376,
          -2.1569303284062684
        ],
        [
          0.0,
          1.0,
          0.0,
          3.061616997868383e-16
        ],
        [
          -0.9021674247810376,
          0.0,
          -0.43138606568125365,
          4.510837123905188
        ],
        [
          0.0,
          0.0,
          0.0,
          1.0
        ]
      ]
    },
    {
      "image_id": 27,
      "image_name": "0027.jpg",
      "camera_position": [
        -2.499999999999999,
        3.061616997868383e-16,
        4.330127018922194
      ],
      "rotation_matrix": [
        [
          -0.4999999999999998,
          0.0,
          0.8660254037844387
        ],
        [
          0.0,
          1.0,
          0.0
        ],
        [
          -0.8660254037844387,
          0.0,
          -0.4999999999999998
        ]
      ],
      "transform_matrix": [
        [
          -0.4999999999999998,
          0.0,
          0.8660254037844387,
          -2.499999999999999
        ],
        [
          0.0,
          1.0,
          0.0,
          3.061616997868383e-16
        ],
        [
          -0.8660254037844387,
          0.0,
          -0.4999999999999998,
          4.330127018922194
        ],
        [
          0.0,
          0.0,
          0.0,
          1.0
        ]
      ]
    },
    {
      "image_id": 28,
      "image_name": "0028.jpg",
      "camera_position": [
        -2.828034377432692,
        3.061616997868383e-16,
        4.123375020545534
      ],
      "rotation_matrix": [
        [
          -0.5656068754865384,
          0.0,
          0.8246750041091069
        ],
        [
          0.0,
          1.0,
          0.0
        ],
        [
          -0.8246750041091069,
          0.0,
          -0.5656068754865384
        ]
      ],
      "transform_matrix": [
        [
          -0.5656068754865384,
          0.0,
          0.8246750041091069,
          -2.828034377432692
        ],
        [
          0.0,
          1.0,
          0.0,
          3.061616997868383e-16
        ],
        [
          -0.8246750041091069,
          0.0,
          -0.5656068754865384,
          4.123375020545534
        ],
        [
          0.0,
          0.0,
          0.0,
          1.0
        ]
      ]
    },
    {
      "image_id": 29,
      "image_name": "0029.jpg",
      "camera_position": [
        -3.1390606233604923,
        3.061616997868383e-16,
        3.8918245596208005
      ],
      "rotation_matrix": [
        [
          -0.6278121246720985,
          0.0,
          0.7783649119241601
        ],
        [
          0.0,
          1.0,
          0.0
        ],
        [
          -0.7783649119241601,
          0.0,
          -0.6278121246720985
        ]
      ],
      "transform_matrix": [
        [
          -0.6278121246720985,
          0.0,
          0.7783649119241601,
          -3.1390606233604923
        ],
        [
          0.0,
          1.0,
          0.0,
          3.061616997868383e-16
        ],
        [
          -0.7783649119241601,
          0.0,
          -0.6278121246720985,
          3.8918245596208005
        ],
        [
          0.0,
          0.0,
          0.0,
          1.0
        ]
      ]
    },
    {
      "image_id": 30,
      "image_name": "0030.jpg",
      "camera_position": [
        -3.4312081893436677,
        3.061616997868383e-16,
        3.6368682078652443
      ],
      "rotation_matrix": [
        [
          -0.6862416378687335,
          0.0,
          0.7273736415730488
        ],
        [
          0.0,
          1.0,
          0.0
        ],
        [
          -0.7273736415730488,
          0.0,
          -0.6862416378687335
        ]
      ],
      "transform_matrix": [
        [
          -0.6862416378687335,
          0.0,
          0.7273736415730488,
          -3.4312081893436677
        ],
        [
          0.0,
          1.0,
          0.0,
          3.061616997868383e-16
        ],
        [
          -0.7273736415730488,
          0.0,
          -0.6862416378687335,
          3.6368682078652443
        ],
        [
          0.0,
          0.0,
          0.0,
          1.0
        ]
      ]
    },
    {
      "image_id": 31,
      "image_name": "0031.jpg",
      "camera_position": [
        -3.702720065545022,
        3.061616997868383e-16,
        3.3600393027776128
      ],
      "rotation_matrix": [
        [
          -0.7405440131090044,
          0.0,
          0.6720078605555225
        ],
        [
          0.0,
          1.0,
          0.0
        ],
        [
          -0.6720078605555225,
          0.0,
          -0.7405440131090044
        ]
      ],
      "transform_matrix": [
        [
          -0.7405440131090044,
          0.0,
          0.6720078605555225,
          -3.702720065545022
        ],
        [
          0.0,
          1.0,
          0.0,
          3.061616997868383e-16
        ],
        [
          -0.6720078605555225,
          0.0,
          -0.7405440131090044,
          3.3600393027776128
        ],
        [
          0.0,
          0.0,
          0.0,
          1.0
        ]
      ]
    },
    {
      "image_id": 32,
      "image_name": "0032.jpg",
      "camera_position": [
        -3.951963347593796,
        3.061616997868383e-16,
        3.063002725966015
      ],
      "rotation_matrix": [
        [
          -0.7903926695187592,
          0.0,
          0.612600545193203
        ],
        [
          0.0,
          1.0,
          0.0
        ],
        [
          -0.612600545193203,
          0.0,
          -0.7903926695187592
        ]
      ],
      "transform_matrix": [
        [
          -0.7903926695187592,
          0.0,
          0.612600545193203,
          -3.951963347593796
        ],
        [
          0.0,
          1.0,
          0.0,
          3.061616997868383e-16
        ],
        [
          -0.612600545193203,
          0.0,
          -0.7903926695187592,
          3.063002725966015
        ],
        [
          0.0,
          0.0,
          0.0,
          1.0
        ]
      ]
    },
    {
      "image_id": 33,
      "image_name": "0033.jpg",
      "camera_position": [
        -4.1774390570646815,
        3.061616997868383e-16,
        2.747544890354031
      ],
      "rotation_matrix": [
        [
          -0.8354878114129363,
          0.0,
          0.5495089780708062
        ],
        [
          0.0,
          1.0,
          0.0
        ],
        [
          -0.5495089780708062,
          0.0,
          -0.8354878114129363
        ]
      ],
      "transform_matrix": [
        [
          -0.8354878114129363,
          0.0,
          0.5495089780708062,
          -4.1774390570646815
        ],
        [
          0.0,
          1.0,
          0.0,
          3.061616997868383e-16
        ],
        [
          -0.5495089780708062,
          0.0,
          -0.8354878114129363,
          2.747544890354031
        ],
        [
          0.0,
          0.0,
          0.0,
          1.0
        ]
      ]
    },
    {
      "image_id": 34,
      "image_name": "0034.jpg",
      "camera_position": [
        -4.377791156510455,
        3.061616997868383e-16,
        2.415562996483191
      ],
      "rotation_matrix": [
        [
          -0.875558231302091,
          0.0,
          0.48311259929663825
        ],
        [
          0.0,
          1.0,
          0.0
        ],
        [
          -0.48311259929663825,
          0.0,
          -0.875558231302091
        ]
      ],
      "transform_matrix": [
        [
          -0.875558231302091,
          0.0,
          0.48311259929663825,
          -4.377791156510455
        ],
        [
          0.0,
          1.0,
          0.0,
          3.061616997868383e-16
        ],
        [
          -0.48311259929663825,
          0.0,
          -0.875558231302091,
          2.415562996483191
        ],
        [
          0.0,
          0.0,
          0.0,
          1.0
        ]
      ]
    },
    {
      "image_id": 35,
      "image_name": "0035.jpg",
      "camera_position": [
        -4.551814704830733,
        3.061616997868383e-16,
        2.0690536225256966
      ],
      "rotation_matrix": [
        [
          -0.9103629409661466,
          0.0,
          0.4138107245051393
        ],
        [
          0.0,
          1.0,
          0.0
        ],
        [
          -0.4138107245051393,
          0.0,
          -0.9103629409661466
        ]
      ],
      "transform_matrix": [
        [
          -0.9103629409661466,
          0.0,
          0.4138107245051393,
          -4.551814704830733
        ],
        [
          0.0,
          1.0,
          0.0,
          3.061616997868383e-16
        ],
        [
          -0.4138107245051393,
          0.0,
          -0.9103629409661466,
          2.0690536225256966
        ],
        [
          0.0,
          0.0,
          0.0,
          1.0
        ]
      ]
    },
    {
      "image_id": 36,
      "image_name": "0036.jpg",
      "camera_position": [
        -4.698463103929542,
        3.061616997868383e-16,
        1.7101007166283444
      ],
      "rotation_matrix": [
        [
          -0.9396926207859083,
          0.0,
          0.3420201433256689
        ],
        [
          0.0,
          1.0,
          0.0
        ],
        [
          -0.3420201433256689,
          0.0,
          -0.9396926207859083
        ]
      ],
      "transform_matrix": [
        [
          -0.9396926207859083,
          0.0,
          0.3420201433256689,
          -4.698463103929542
        ],
        [
          0.0,
          1.0,
          0.0,
          3.061616997868383e-16
        ],
        [
          -0.3420201433256689,
          0.0,
          -0.9396926207859083,
          1.7101007166283444
        ],
        [
          0.0,
          0.0,
          0.0,
          1.0
        ]
      ]
    },
    {
      "image_id": 37,
      "image_name": "0037.jpg",
      "camera_position": [
        -4.816854393079401,
        3.061616997868383e-16,
        1.3408630638031878
      ],
      "rotation_matrix": [
        [
          -0.9633708786158803,
          0.0,
          0.26817261276063753
        ],
        [
          0.0,
          1.0,
          0.0
        ],
        [
          -0.26817261276063753,
          0.0,
          -0.9633708786158803
        ]
      ],
      "transform_matrix": [
        [
          -0.9633708786158803,
          0.0,
          0.26817261276063753,
          -4.816854393079401
        ],
        [
          0.0,
          1.0,
          0.0,
          3.061616997868383e-16
        ],
        [
          -0.26817261276063753,
          0.0,
          -0.9633708786158803,
          1.3408630638031878
        ],
        [
          0.0,
          0.0,
          0.0,
          1.0
        ]
      ]
    },
    {
      "image_id": 38,
      "image_name": "0038.jpg",
      "camera_position": [
        -4.906276553136923,
        3.061616997868383e-16,
        0.963561302740449
      ],
      "rotation_matrix": [
        [
          -0.9812553106273847,
          0.0,
          0.19271226054808982
        ],
        [
          0.0,
          1.0,
          0.0
        ],
        [
          -0.19271226054808982,
          0.0,
          -0.9812553106273847
        ]
      ],
      "transform_matrix": [
        [
          -0.9812553106273847,
          0.0,
          0.19271226054808982,
          -4.906276553136923
        ],
        [
          0.0,
          1.0,
          0.0,
          3.061616997868383e-16
        ],
        [
          -0.19271226054808982,
          0.0,
          -0.9812553106273847,
          0.963561302740449
        ],
        [
          0.0,
          0.0,
          0.0,
          1.0
        ]
      ]
    },
    {
      "image_id": 39,
      "image_name": "0039.jpg",
      "camera_position": [
        -4.966191788709715,
        3.061616997868383e-16,
        0.5804645706261518
      ],
      "rotation_matrix": [
        [
          -0.993238357741943,
          0.0,
          0.11609291412523036
        ],
        [
          0.0,
          1.0,
          0.0
        ],
        [
          -0.11609291412523036,
          0.0,
          -0.993238357741943
        ]
      ],
      "transform_matrix": [
        [
          -0.993238357741943,
          0.0,
          0.11609291412523036,
          -4.966191788709715
        ],
        [
          0.0,
          1.0,
          0.0,
          3.061616997868383e-16
        ],
        [
          -0.11609291412523036,
          0.0,
          -0.993238357741943,
          0.5804645706261518
        ],
        [
          0.0,
          0.0,
          0.0,
          1.0
        ]
      ]
    },
    {
      "image_id": 40,
      "image_name": "0040.jpg",
      "camera_position": [
        -4.99623976252115,
        3.061616997868383e-16,
        0.1938768562840842
      ],
      "rotation_matrix": [
        [
          -0.99924795250423,
          0.0,
          0.038775371256816835
        ],
        [
          0.0,
          1.0,
          0.0
        ],
        [
          -0.038775371256816835,
          0.0,
          -0.99924795250423
        ]
      ],
      "transform_matrix": [
        [
          -0.99924795250423,
          0.0,
          0.038775371256816835,
          -4.99623976252115
        ],
        [
          0.0,
          1.0,
          0.0,
          3.061616997868383e-16
        ],
        [
          -0.038775371256816835,
          0.0,
          -0.99924795250423,
          0.1938768562840842
        ],
        [
          0.0,
          0.0,
          0.0,
          1.0
        ]
      ]
    },
    {
      "image_id": 41,
      "image_name": "0041.jpg",
      "camera_position": [
        -4.99623976252115,
        3.061616997868383e-16,
        -0.19387685628408075
      ],
      "rotation_matrix": [
        [
          -0.99924795250423,
          0.0,
          -0.03877537125681615
        ],
        [
          0.0,
          1.0,
          0.0
        ],
        [
          0.03877537125681615,
          0.0,
          -0.99924795250423
        ]
      ],
      "transform_matrix": [
        [
          -0.99924795250423,
          0.0,
          -0.03877537125681615,
          -4.99623976252115
        ],
        [
          0.0,
          1.0,
          0.0,
          3.061616997868383e-16
        ],
        [
          0.03877537125681615,
          0.0,
          -0.99924795250423,
          -0.19387685628408075
        ],
        [
          0.0,
          0.0,
          0.0,
          1.0
        ]
      ]
    },
    {
      "image_id": 42,
      "image_name": "0042.jpg",
      "camera_position": [
        -4.966191788709715,
        3.061616997868383e-16,
        -0.5804645706261506
      ],
      "rotation_matrix": [
        [
          -0.993238357741943,
          0.0,
          -0.11609291412523012
        ],
